   6.99999928E-02  0.169788793    
   7.99999908E-02  0.168441176    
   8.99999887E-02  0.166929260    
   9.99999866E-02  0.165254518    
  0.109999985      0.163418561    
  0.119999982      0.161423162    
  0.129999980      0.159270257    
  0.139999986      0.156961933    
  0.149999991      0.154500410    
  0.159999996      0.151888072    
  0.170000002      0.149127454    
  0.180000007      0.146221235    
  0.190000013      0.143172234    
  0.200000018      0.139983401    
  0.210000023      0.136657834    
  0.220000029      0.133198753    
  0.230000034      0.129609525    
  0.240000039      0.125893638    
  0.250000030      0.122054696    
  0.260000020      0.118096441    
  0.270000011      0.114022717    
  0.280000001      0.109837495    
  0.289999992      0.105544850    
  0.299999982      0.101148963    
  0.309999973       9.66541171E-02
  0.319999963       9.20647010E-02
  0.329999954       8.73851925E-02
  0.339999944       8.26201588E-02
  0.349999934       7.77742490E-02
  0.359999925       7.28521943E-02
  0.369999915       6.78588077E-02
  0.379999906       6.27989694E-02
  0.389999896       5.76776303E-02
  0.399999887       5.24997972E-02
  0.409999877       4.72705364E-02
  0.419999868       4.19949666E-02
  0.429999858       3.66782546E-02
  0.439999849       3.13256048E-02
  0.449999839       2.59422604E-02
  0.459999830       2.05334947E-02
  0.469999820       1.51046077E-02
  0.479999810       9.66091920E-03
  0.489999801       4.20776336E-03
  0.499999791      -1.24951603E-03
  0.509999812      -6.70557097E-03
  0.519999802      -1.21550541E-02
  0.529999793      -1.75926257E-02
  0.539999783      -2.30129566E-02
  0.549999774      -2.84107365E-02
  0.559999764      -3.37806754E-02
  0.569999754      -3.91175151E-02
  0.579999745      -4.44160290E-02
  0.589999735      -4.96710278E-02
  0.599999726      -5.48773706E-02
  0.609999716      -6.00299612E-02
  0.619999707      -6.51237592E-02
  0.629999697      -7.01537803E-02
  0.639999688      -7.51151070E-02
  0.649999678      -8.00028890E-02
  0.659999669      -8.48123506E-02
  0.669999659      -8.95387977E-02
  0.679999650      -9.41776112E-02
  0.689999640      -9.87242684E-02
  0.699999630     -0.103174336    
  0.709999621     -0.107523471    
  0.719999611     -0.111767434    
  0.729999602     -0.115902089    
  0.739999592     -0.119923413    
  0.749999583     -0.123827495    
  0.759999573     -0.127610534    
  0.769999564     -0.131268859    
  0.779999554     -0.134798914    
  0.789999545     -0.138197273    
  0.799999535     -0.141460627    
  0.809999526     -0.144585818    
  0.819999516     -0.147569805    
  0.829999506     -0.150409698    
  0.839999497     -0.153102741    
  0.849999487     -0.155646324    
  0.859999478     -0.158037990    
  0.869999468     -0.160275429    
  0.879999459     -0.162356466    
  0.889999449     -0.164279088    
  0.899999440     -0.166041434    
  0.909999430     -0.167641804    
  0.919999421     -0.169078648    
  0.929999411     -0.170350581    
  0.939999402     -0.171456382    
  0.949999392     -0.172394976    
  0.959999382     -0.173165455    
  0.969999373     -0.173767075    
  0.979999363     -0.174199253    
  0.989999354     -0.174461573    
  0.999999344     -0.174553782    
   1.00999939     -0.174475789    
   1.01999938     -0.174227670    
   1.02999938     -0.173809677    
   1.03999937     -0.173222214    
   1.04999936     -0.172465846    
   1.05999935     -0.171541303    
   1.06999934     -0.170449480    
   1.07999933     -0.169191420    
   1.08999932     -0.167768344    
   1.09999931     -0.166181624    
   1.10999930     -0.164432794    
   1.11999929     -0.162523538    
   1.12999928     -0.160455704    
   1.13999927     -0.158231303    
   1.14999926     -0.155852482    
   1.15999925     -0.153321549    
   1.16999924     -0.150640950    
   1.17999923     -0.147813275    
   1.18999922     -0.144841269    
   1.19999921     -0.141727820    
   1.20999920     -0.138475940    
   1.21999919     -0.135088786    
   1.22999918     -0.131569654    
   1.23999918     -0.127921954    
   1.24999917     -0.124149233    
   1.25999916     -0.120255157    
   1.26999915     -0.116243519    
   1.27999914     -0.112118222    
   1.28999913     -0.107883282    
   1.29999912     -0.103542820    
   1.30999911      -9.91010666E-02
   1.31999910      -9.45623517E-02
   1.32999909      -8.99311006E-02
   1.33999908      -8.52118358E-02
   1.34999907      -8.04091617E-02
   1.35999906      -7.55277723E-02
   1.36999905      -7.05724359E-02
   1.37999904      -6.55479953E-02
   1.38999903      -6.04593642E-02
   1.39999902      -5.53115197E-02
   1.40999901      -5.01094982E-02
   1.41999900      -4.48583886E-02
   1.42999899      -3.95633318E-02
   1.43999898      -3.42295133E-02
   1.44999897      -2.88621560E-02
   1.45999897      -2.34665181E-02
   1.46999896      -1.80478860E-02
   1.47999895      -1.26115680E-02
   1.48999894      -7.16289086E-03
   1.49999893      -1.70719414E-03
   1.50999892       3.75017570E-03
   1.51999891       9.20387078E-03
   1.52999890       1.46485465E-02
   1.53999889       2.00788658E-02
   1.54999888       2.54895110E-02
   1.55999887       3.08751799E-02
   1.56999886       3.62305976E-02
   1.57999885       4.15505171E-02
   1.58999884       4.68297303E-02
   1.59999883       5.20630665E-02
   1.60999882       5.72454035E-02
   1.61999881       6.23716712E-02
   1.62999880       6.74368516E-02
   1.63999879       7.24359974E-02
   1.64999878       7.73642212E-02
   1.65999877       8.22167024E-02
   1.66999876       8.69887024E-02
   1.67999876       9.16755646E-02
   1.68999875       9.62727070E-02
   1.69999874      0.100775644    
   1.70999873      0.105179988    
   1.71999872      0.109481446    
   1.72999871      0.113675825    
   1.73999870      0.117759041    
   1.74999869      0.121727124    
   1.75999868      0.125576198    
   1.76999867      0.129302531    
   1.77999866      0.132902503    
   1.78999865      0.136372611    
   1.79999864      0.139709488    
   1.80999863      0.142909899    
   1.81999862      0.145970732    
   1.82999861      0.148889020    
   1.83999860      0.151661932    
   1.84999859      0.154286787    
   1.85999858      0.156761035    
   1.86999857      0.159082294    
   1.87999856      0.161248311    
   1.88999856      0.163256988    
   1.89999855      0.165106386    
   1.90999854      0.166794717    
   1.91999853      0.168320343    
   1.92999852      0.169681787    
   1.93999851      0.170877740    
   1.94999850      0.171907052    
   1.95999849      0.172768727    
   1.96999848      0.173461929    
   1.97999847      0.173985988    
   1.98999846      0.174340397    
   1.99999845      0.174524814    
   2.00999856      0.174539059    
   2.01999855      0.174383119    
   2.02999854      0.174057141    
   2.03999853      0.173561454    
   2.04999852      0.172896534    
   2.05999851      0.172063023    
   2.06999850      0.171061724    
   2.07999849      0.169893607    
   2.08999848      0.168559790    
   2.09999847      0.167061567    
   2.10999846      0.165400386    
   2.11999846      0.163577855    
   2.12999845      0.161595732    
   2.13999844      0.159455940    
   2.14999843      0.157160535    
   2.15999842      0.154711753    
   2.16999841      0.152111962    
   2.17999840      0.149363682    
   2.18999839      0.146469563    
   2.19999838      0.143432423    
   2.20999837      0.140255198    
   2.21999836      0.136940971    
   2.22999835      0.133492962    
   2.23999834      0.129914522    
   2.24999833      0.126209125    
   2.25999832      0.122380368    
   2.26999831      0.118431978    
   2.27999830      0.114367798    
   2.28999829      0.110191785    
   2.29999828      0.105907999    
   2.30999827      0.101520620    
   2.31999826       9.70339254E-02
   2.32999825       9.24522877E-02
   2.33999825       8.77801776E-02
   2.34999824       8.30221549E-02
   2.35999823       7.81828612E-02
   2.36999822       7.32670277E-02
   2.37999821       6.82794601E-02
   2.38999820       6.32250309E-02
   2.39999819       5.81086837E-02
   2.40999818       5.29354215E-02
   2.41999817       4.77103069E-02
   2.42999816       4.24384549E-02
   2.43999815       3.71250249E-02
   2.44999814       3.17752212E-02
   2.45999813       2.63942834E-02
   2.46999812       2.09874827E-02
   2.47999811       1.55601157E-02
   2.48999810       1.01175001E-02
   2.49999809       4.66496963E-03
   2.50999808      -7.92132458E-04
   2.51999807      -6.24845829E-03
   2.52999806      -1.16986604E-02
   2.53999805      -1.71373989E-02
   2.54999804      -2.25593448E-02
   2.55999804      -2.79591847E-02
   2.56999803      -3.33316289E-02
   2.57999802      -3.86714153E-02
   2.58999801      -4.39733118E-02
   2.59999800      -4.92321290E-02
   2.60999799      -5.44427186E-02
   2.61999798      -5.95999807E-02
   2.62999797      -6.46988675E-02
   2.63999796      -6.97343946E-02
   2.64999795      -7.47016370E-02
   2.65999794      -7.95957372E-02
   2.66999793      -8.44119191E-02
   2.67999792      -8.91454741E-02
   2.68999791      -9.37917829E-02
   2.69999790      -9.83463079E-02
   2.70999789     -0.102804609    
   2.71999788     -0.107162341    
   2.72999787     -0.111415260    
   2.73999786     -0.115559213    
   2.74999785     -0.119590171    
   2.75999784     -0.123504207    
   2.76999784     -0.127297521    
   2.77999783     -0.130966425    
   2.78999782     -0.134507343    
   2.79999781     -0.137916848    
   2.80999780     -0.141191617    
   2.81999779     -0.144328475    
   2.82999778     -0.147324383    
   2.83999777     -0.150176436    
   2.84999776     -0.152881861    
   2.85999775     -0.155438051    
   2.86999774     -0.157842517    
   2.87999773     -0.160092935    
   2.88999772     -0.162187129    
   2.89999771     -0.164123073    
   2.90999770     -0.165898904    
   2.91999769     -0.167512894    
   2.92999768     -0.168963492    
   2.93999767     -0.170249298    
   2.94999766     -0.171369061    
   2.95999765     -0.172321707    
   2.96999764     -0.173106313    
   2.97999763     -0.173722118    
   2.98999763     -0.174168527    
   2.99999762     -0.174445108    
   3.00999761     -0.174551591    
   3.01999760     -0.174487889    
   3.02999759     -0.174254060    
   3.03999758     -0.173850328    
   3.04999757     -0.173277080    
   3.05999756     -0.172534868    
   3.06999755     -0.171624407    
   3.07999754     -0.170546576    
   3.08999753     -0.169302419    
   3.09999752     -0.167893142    
   3.10999751     -0.166320100    
   3.11999750     -0.164584816    
   3.12999749     -0.162688971    
   3.13999748     -0.160634398    
   3.14999747     -0.158423081    
   3.15999746     -0.156057164    
   3.16999745     -0.153538927    
   3.17999744     -0.150870815    
   3.18999743     -0.148055404    
   3.19999743     -0.145095423    
   3.20999742     -0.141993746    
   3.21999741     -0.138753384    
   3.22999740     -0.135377482    
   3.23999739     -0.131869316    
   3.24999738     -0.128232300    
   3.25999737     -0.124469958    
   3.26999736     -0.120585948    
   3.27999735     -0.116584048    
   3.28999734     -0.112468153    
   3.29999733     -0.108242273    
   3.30999732     -0.103910521    
   3.31999731      -9.94771197E-02
   3.32999730      -9.49463919E-02
   3.33999729      -9.03227553E-02
   3.34999728      -8.56107250E-02
   3.35999727      -8.08148980E-02
   3.36999726      -7.59399608E-02
   3.37999725      -7.09906742E-02
   3.38999724      -6.59718737E-02
   3.39999723      -6.08884692E-02
   3.40999722      -5.57454303E-02
   3.41999722      -5.05477898E-02
   3.42999721      -4.53006327E-02
   3.43999720      -4.00090963E-02
   3.44999719      -3.46783623E-02
   3.45999718      -2.93136500E-02
   3.46999717      -2.39202138E-02
   3.47999716      -1.85033381E-02
   3.48999715      -1.30683305E-02
   3.49999714      -7.62051623E-03
   3.50999713      -2.16523395E-03
   3.51999712       3.29217035E-03
   3.52999711       8.74634832E-03
   3.53999710       1.41919553E-02
   3.54999709       1.96236540E-02
   3.55999708       2.50361226E-02
   3.56999707       3.04240584E-02
   3.57999706       3.57821845E-02
   3.58999705       4.11052518E-02
   3.59999704       4.63880487E-02
   3.60999703       5.16254008E-02
   3.61999702       5.68121821E-02
   3.62999701       6.19433187E-02
   3.63999701       6.70137927E-02
   3.64999700       7.20186383E-02
   3.65999699       7.69529641E-02
   3.66999698       8.18119496E-02
   3.67999697       8.65908489E-02
   3.68999696       9.12849978E-02
   3.69999695       9.58898142E-02
   3.70999694      0.100400805    
   3.71999693      0.104813568    
   3.72999692      0.109123804    
   3.73999691      0.113327309    
   3.74999690      0.117419995    
   3.75999689      0.121397875    
   3.76999688      0.125257075    
   3.77999687      0.128993839    
   3.78999686      0.132604539    
   3.79999685      0.136085674    
   3.80999684      0.139433861    
   3.81999683      0.142645851    
   3.82999682      0.145718515    
   3.83999681      0.148648873    
   3.84999681      0.151434094    
   3.85999680      0.154071480    
   3.86999679      0.156558469    
   3.87999678      0.158892661    
   3.88999677      0.161071792    
   3.89999676      0.163093761    
   3.90999675      0.164956599    
   3.91999674      0.166658506    
   3.92999673      0.168197840    
   3.93999672      0.169573113    
   3.94999671      0.170782998    
   3.95999670      0.171826333    
   3.96999669      0.172702104    
   3.97999668      0.173409462    
   3.98999667      0.173947737    
   3.99999666      0.174316406    
   4.00999689      0.174515113    
   4.01999712      0.174543664    
   4.02999735      0.174402028    
   4.03999758      0.174090341    
   4.04999781      0.173608899    
   4.05999804      0.172958180    
   4.06999826      0.172138810    
   4.07999849      0.171151578    
   4.08999872      0.169997439    
   4.09999895      0.168677509    
   4.10999918      0.167193055    
   4.11999941      0.165545508    
   4.12999964      0.163736463    
   4.13999987      0.161767676    
   4.15000010      0.159641042    
   4.16000032      0.157358617    
   4.17000055      0.154922619    
   4.18000078      0.152335405    
   4.19000101      0.149599478    
   4.20000124      0.146717489    
   4.21000147      0.143692225    
   4.22000170      0.140526623    
   4.23000193      0.137223750    
   4.24000216      0.133786827    
   4.25000238      0.130219191    
   4.26000261      0.126524299    
   4.27000284      0.122705743    
   4.28000307      0.118767239    
   4.29000330      0.114712618    
   4.30000353      0.110545829    
   4.31000376      0.106270924    
   4.32000399      0.101892069    
   4.33000422       9.74135324E-02
   4.34000444       9.28396806E-02
   4.35000467       8.81749764E-02
   4.36000490       8.34239721E-02
   4.37000513       7.85913095E-02
   4.38000536       7.36817047E-02
   4.39000559       6.86999559E-02
   4.40000582       6.36509359E-02
   4.41000605       5.85395806E-02
   4.42000628       5.33708893E-02
   4.43000650       4.81499210E-02
   4.44000673       4.28817831E-02
   4.45000696       3.75716351E-02
   4.46000719       3.22246738E-02
   4.47000742       2.68461369E-02
   4.48000765       2.14412939E-02
   4.49000788       1.60154402E-02
   4.50000811       1.05738919E-02
   4.51000834       5.12198126E-03
   4.52000856      -3.34948912E-04
   4.53000879      -5.79155097E-03
   4.54000902      -1.12424772E-02
   4.55000925      -1.66823864E-02
   4.56000948      -2.21059471E-02
   4.57000971      -2.75078453E-02
   4.58000994      -3.28827910E-02
   4.59001017      -3.82255167E-02
   4.60001040      -4.35307920E-02
   4.61001062      -4.87934202E-02
   4.62001085      -5.40082492E-02
   4.63001108      -5.91701753E-02
   4.64001131      -6.42741472E-02
   4.65001154      -6.93151802E-02
   4.66001177      -7.42883384E-02
   4.67001200      -7.91887641E-02
   4.68001223      -8.40116665E-02
   4.69001245      -8.87523368E-02
   4.70001268      -9.34061408E-02
   4.71001291      -9.79685411E-02
   4.72001314     -0.102435082    
   4.73001337     -0.106801413    
   4.74001360     -0.111063279    
   4.75001383     -0.115216523    
   4.76001406     -0.119257107    
   4.77001429     -0.123181097    
   4.78001451     -0.126984671    
   4.79001474     -0.130664125    
   4.80001497     -0.134215891    
   4.81001520     -0.137636527    
   4.82001543     -0.140922710    
   4.83001566     -0.144071251    
   4.84001589     -0.147079095    
   4.85001612     -0.149943322    
   4.86001635     -0.152661160    
   4.87001657     -0.155229971    
   4.88001680     -0.157647267    
   4.89001703     -0.159910709    
   4.90001726     -0.162018105    
   4.91001749     -0.163967416    
   4.92001772     -0.165756762    
   4.93001795     -0.167384416    
   4.94001818     -0.168848798    
   4.95001841     -0.170148492    
   4.96001863     -0.171282247    
   4.97001886     -0.172248960    
