   0.0000000000000000        12.855752193730787     
   9.9999997764825821E-003   12.828799521058574     
   1.9999999552965164E-002   12.802040373530788     
   2.9999999329447746E-002   12.775472925074361     
   3.9999999105930328E-002   12.749095368210506     
   4.9999998882412910E-002   12.722905913732232     
   5.9999998658895493E-002   12.696902790386984     
   6.9999998435378075E-002   12.671084244564312     
   7.9999998211860657E-002   12.645448539988461     
   8.9999997988343239E-002   12.619993957415781     
   9.9999997764825821E-002   12.594718794336874     
  0.10999999754130840        12.569621364683371     
  0.11999999731779099        12.544699998539258     
  0.12999999709427357        12.519953041856652     
  0.13999999687075615        12.495378856175964     
  0.14999999664723873        12.470975818350336     
  0.15999999642372131        12.446742320274289     
  0.16999999620020390        12.422676768616514     
  0.17999999597668648        12.398777584556701     
  0.18999999575316906        12.375043203526365     
  0.19999999552965164        12.351472074953572     
  0.20999999530613422        12.328062662011506     
  0.21999999508261681        12.304813441370825     
  0.22999999485909939        12.281722902955707     
  0.23999999463558197        12.258789549703559     
  0.24999999441206455        12.236011897328316     
  0.25999999418854713        12.213388474087253     
  0.26999999396502972        12.190917820551293     
  0.27999999374151230        12.168598489378718     
  0.28999999351799488        12.146429045092257     
  0.29999999329447746        12.124408063859486     
  0.30999999307096004        12.102534133276508     
  0.31999999284744263        12.080805852154848     
  0.32999999262392521        12.059221830311531     
  0.33999999240040779        12.037780688362298     
  0.34999999217689037        12.016481057517924     
  0.35999999195337296        11.995321579383582     
  0.36999999172985554        11.974300905761250     
  0.37999999150633812        11.953417698455088     
  0.38999999128282070        11.932670629079771     
  0.39999999105930328        11.912058378871766     
  0.40999999083578587        11.891579638503471     
  0.41999999061226845        11.871233107900247     
  0.42999999038875103        11.851017496060281     
  0.43999999016523361        11.830931520877263     
  0.44999998994171619        11.810973908965856     
  0.45999998971819878        11.791143395489954     
  0.46999998949468136        11.771438723993670     
  0.47999998927116394        11.751858646235082     
  0.48999998904764652        11.732401922022682     
  0.49999998882412910        11.713067319054547     
  0.50999998860061169        11.693853612760194     
  0.51999998837709427        11.674759586145116     
  0.52999998815357685        11.655784029637999     
  0.53999998793005943        11.636925740940596     
  0.54999998770654202        11.618183524880257     
  0.55999998748302460        11.599556193265126     
  0.56999998725950718        11.581042564741972     
  0.57999998703598976        11.562641464656670     
  0.58999998681247234        11.544351724917330     
  0.59999998658895493        11.526172183860080     
  0.60999998636543751        11.508101686117477     
  0.61999998614192009        11.490139082489591     
  0.62999998591840267        11.472283229817725     
  0.63999998569488525        11.454532990860809     
  0.64999998547136784        11.436887234174458     
  0.65999998524785042        11.419344833992700     
  0.66999998502433300        11.401904670112391     
  0.67999998480081558        11.384565627780322     
  0.68999998457729816        11.367326597583036     
  0.69999998435378075        11.350186475339351     
  0.70999998413026333        11.333144161995621     
  0.71999998390674591        11.316198563523731     
  0.72999998368322849        11.299348590821852     
  0.73999998345971107        11.282593159617971     
  0.74999998323619366        11.265931190376197     
  0.75999998301267624        11.249361608205879     
  0.76999998278915882        11.232883342773539     
  0.77999998256564140        11.216495328217638     
  0.78999998234212399        11.200196503066204     
  0.79999998211860657        11.183985810157317     
  0.80999998189508915        11.167862196562496     
  0.81999998167157173        11.151824613512986     
  0.82999998144805431        11.135872016328969     
  0.83999998122453690        11.120003364351716     
  0.84999998100101948        11.104217620878698     
  0.85999998077750206        11.088513753101681     
  0.86999998055398464        11.072890732047803     
  0.87999998033046722        11.057347532523670     
  0.88999998010694981        11.041883133062473     
  0.89999997988343239        11.026496515874150     
  0.90999997965991497        11.011186666798601     
  0.91999997943639755        10.995952575261967     
  0.92999997921288013        10.980793234236007     
  0.93999997898936272        10.965707640200549     
  0.94999997876584530        10.950694793109054     
  0.95999997854232788        10.935753696357301     
  0.96999997831881046        10.920883356755171     
  0.97999997809529305        10.906082784501574     
  0.98999997787177563        10.891350993162504     
  0.99999997764825821        10.876686999652220     
   1.0099999774247408        10.862089824217566     
   1.0199999772012234        10.847558490425426     
   1.0299999769777060        10.833092025153299     
   1.0399999767541885        10.818689458583005     
   1.0499999765306711        10.804349824197509     
   1.0599999763071537        10.790072158780838     
   1.0699999760836363        10.775855502421104     
   1.0799999758601189        10.761698898516601     
   1.0899999756366014        10.747601393784954     
   1.0999999754130840        10.733562038275320     
   1.1099999751895666        10.719579885383588     
   1.1199999749660492        10.705653991870586     
   1.1299999747425318        10.691783417883226     
   1.1399999745190144        10.677967226978600     
   1.1499999742954969        10.664204486150950     
   1.1599999740719795        10.650494265861495     
   1.1699999738484621        10.636835640071070     
   1.1799999736249447        10.623227686275532     
   1.1899999734014273        10.609669485543888     
   1.1999999731779099        10.596160122559072     
   1.2099999729543924        10.582698685661352     
   1.2199999727308750        10.569284266894288     
   1.2299999725073576        10.555915962053167     
   1.2399999722838402        10.542592870735882     
   1.2499999720603228        10.529314096396172     
   1.2599999718368053        10.516078746399129     
   1.2699999716132879        10.502885932078952     
   1.2799999713897705        10.489734768798813     
   1.2899999711662531        10.476624376012799     
   1.2999999709427357        10.463553877329819     
   1.3099999707192183        10.450522400579404     
   1.3199999704957008        10.437529077879319     
   1.3299999702721834        10.424573045704866     
   1.3399999700486660        10.411653444959830     
   1.3499999698251486        10.398769421048920     
   1.3599999696016312        10.385920123951657     
   1.3699999693781137        10.373104708297578     
   1.3799999691545963        10.360322333442660     
   1.3899999689310789        10.347572163546864     
   1.3999999687075615        10.334853367652700     
   1.4099999684840441        10.322165119764687     
   1.4199999682605267        10.309506598929627     
   1.4299999680370092        10.296876989317553     
   1.4399999678134918        10.284275480303281     
   1.4499999675899744        10.271701266548403     
   1.4599999673664570        10.259153548083670     
   1.4699999671429396        10.246631530391600     
   1.4799999669194221        10.234134424489238     
   1.4899999666959047        10.221661447010936     
   1.4999999664723873        10.209211820291054     
   1.5099999662488699        10.196784772446465     
   1.5199999660253525        10.184379537458749     
   1.5299999658018351        10.171995355255989     
   1.5399999655783176        10.159631471794039     
   1.5499999653548002        10.147287139137172     
   1.5599999651312828        10.134961615537989     
   1.5699999649077654        10.122654165516517     
   1.5799999646842480        10.110364059938348     
   1.5899999644607306        10.098090576091771     
   1.5999999642372131        10.085832997763760     
   1.6099999640136957        10.073590615314755     
   1.6199999637901783        10.061362725752121     
   1.6299999635666609        10.049148632802206     
   1.6399999633431435        10.036947646980924     
   1.6499999631196260        10.024759085662756     
   1.6599999628961086        10.012582273148112     
   1.6699999626725912        10.000416540728965     
   1.6799999624490738        9.9882612267526856     
   1.6899999622255564        9.9761156766840156     
   1.6999999620020390        9.9639792431651077     
   1.7099999617785215        9.9518512860735626     
   1.7199999615550041        9.9397311725784281     
   1.7299999613314867        9.9276182771940764     
   1.7399999611079693        9.9155119818319282     
   1.7499999608844519        9.9034116758499717     
   1.7599999606609344        9.8913167561000286     
   1.7699999604374170        9.8792266269727289     
   1.7799999602138996        9.8671407004401690     
   1.7899999599903822        9.8550583960962026     
   1.7999999597668648        9.8429791411943537     
   1.8099999595433474        9.8309023706833116     
   1.8199999593198299        9.8188275272400052     
   1.8299999590963125        9.8067540613002215     
   1.8399999588727951        9.7946814310867669     
   1.8499999586492777        9.7826091026351580     
   1.8599999584257603        9.7705365498168355     
   1.8699999582022429        9.7584632543598957     
   1.8799999579787254        9.7463887058673446     
   1.8899999577552080        9.7343124018328790     
   1.8999999575316906        9.7222338476541967     
   1.9099999573081732        9.7101525566438482     
   1.9199999570846558        9.6980680500376426     
   1.9299999568611383        9.6859798570006266     
   1.9399999566376209        9.6738875146306533     
   1.9499999564141035        9.6617905679595566     
   1.9599999561905861        9.6496885699519641     
   1.9699999559670687        9.6375810815017715     
   1.9799999557435513        9.6254676714263052     
   1.9899999555200338        9.6133479164582010     
   1.9999999552965164        9.6012214012350405     
   2.0099999550729990        9.5890877182867769     
   2.0199999548494816        9.5769464680209797     
   2.0299999546259642        9.5647972587059407     
   2.0399999544024467        9.5526397064516892     
   2.0499999541789293        9.5404734351889431     
   2.0599999539554119        9.5282980766460508     
   2.0699999537318945        9.5161132703239577     
   2.0799999535083771        9.5039186634692534     
   2.0899999532848597        9.4917139110453324     
   2.0999999530613422        9.4794986757017288     
   2.1099999528378248        9.4672726277416555     
   2.1199999526143074        9.4550354450878196     
   2.1299999523907900        9.4427868132465331     
   2.1399999521672726        9.4305264252701964     
   2.1499999519437551        9.4182539817181858     
   2.1599999517202377        9.4059691906162026     
   2.1699999514967203        9.3936717674141281     
   2.1799999512732029        9.3813614349424448     
   2.1899999510496855        9.3690379233672587     
   2.1999999508261681        9.3567009701439883     
   2.2099999506026506        9.3443503199697595     
   2.2199999503791332        9.3319857247345599     
   2.2299999501556158        9.3196069434712019     
   2.2399999499320984        9.3072137423041408     
   2.2499999497085810        9.2948058943972072     
   2.2599999494850636        9.2823831799002825     
   2.2699999492615461        9.2699453858949834     
   2.2799999490380287        9.2574923063393921     
   2.2899999488145113        9.2450237420118864     
   2.2999999485909939        9.2325395004541040     
   2.3099999483674765        9.2200393959131048     
   2.3199999481439590        9.2075232492827492     
   2.3299999479204416        9.1949908880443658     
   2.3399999476969242        9.1824421462067285     
   2.3499999474734068        9.1698768642453956     
   2.3599999472498894        9.1572948890414523     
   2.3699999470263720        9.1446960738196896     
   2.3799999468028545        9.1320802780862724     
   2.3899999465793371        9.1194473675659218     
   2.3999999463558197        9.1067972141386608     
   2.4099999461323023        9.0941296957761484     
   2.4199999459087849        9.0814446964776518     
   2.4299999456852674        9.0687421062056828     
   2.4399999454617500        9.0560218208213286     
   2.4499999452382326        9.0432837420193284     
   2.4599999450147152        9.0305277772629058     
   2.4699999447911978        9.0177538397184076     
   2.4799999445676804        9.0049618481897618     
   2.4899999443441629        8.9921517270528017     
   2.4999999441206455        8.9793234061894740     
   2.5099999438971281        8.9664768209219581     
   2.5199999436736107        8.9536119119467337     
   2.5299999434500933        8.9407286252686102     
   2.5399999432265759        8.9278269121347531     
   2.5499999430030584        8.9149067289687238     
   2.5599999427795410        8.9019680373045631     
   2.5699999425560236        8.8890108037209359     
   2.5799999423325062        8.8760349997753636     
   2.5899999421089888        8.8630406019385628     
   2.5999999418854713        8.8500275915289013     
   2.6099999416619539        8.8369959546470156     
   2.6199999414384365        8.8239456821105779     
   2.6299999412149191        8.8108767693892585     
   2.6399999409914017        8.7977892165398757     
   2.6499999407678843        8.7846830281417692     
   2.6599999405443668        8.7715582132324030     
   2.6699999403208494        8.7584147852432181     
   2.6799999400973320        8.7452527619357401     
   2.6899999398738146        8.7320721653379678     
   2.6999999396502972        8.7188730216810448     
   2.7099999394267797        8.7056553613362411     
   2.7199999392032623        8.6924192187522316     
   2.7299999389797449        8.6791646323927178     
   2.7399999387562275        8.6658916446743675     
   2.7499999385327101        8.6526003019051050     
   2.7599999383091927        8.6392906542227621     
   2.7699999380856752        8.6259627555340845     
   2.7799999378621578        8.6126166634541139     
   2.7899999376386404        8.5992524392459480     
   2.7999999374151230        8.5858701477608950     
   2.8099999371916056        8.5724698573790139     
   2.8199999369680882        8.5590516399500700     
   2.8299999367445707        8.5456155707348831     
   2.8399999365210533        8.5321617283471056     
   2.8499999362975359        8.5186901946954094     
   2.8599999360740185        8.5052010549261041     
   2.8699999358505011        8.4916943973661851     
   2.8799999356269836        8.4781703134668120     
   2.8899999354034662        8.4646288977472306     
   2.8999999351799488        8.4510702477391337     
   2.9099999349564314        8.4374944639314702     
   2.9199999347329140        8.4239016497157042     
   2.9299999345093966        8.4102919113315213     
   2.9399999342858791        8.3966653578129957     
   2.9499999340623617        8.3830221009352073     
   2.9599999338388443        8.3693622551613256     
   2.9699999336153269        8.3556859375901489     
   2.9799999333918095        8.3419932679041047     
   2.9899999331682920        8.3282843683177195     
   2.9999999329447746        8.3145593635265449     
   3.0099999327212572        8.3008183806565619     
   3.0199999324977398        8.2870615492140374     
   3.0299999322742224        8.2732890010358560     
   3.0399999320507050        8.2595008702403199     
   3.0499999318271875        8.2456972931784076     
   3.0599999316036701        8.2318784083855139     
   3.0699999313801527        8.2180443565336425     
   3.0799999311566353        8.2041952803840736     
   3.0899999309331179        8.1903313247404945     
   3.0999999307096004        8.1764526364026029     
   3.1099999304860830        8.1625593641201633     
   3.1199999302625656        8.1486516585475375     
   3.1299999300390482        8.1347296721986737     
   3.1399999298155308        8.1207935594025624     
   3.1499999295920134        8.1068434762591419     
   3.1599999293684959        8.0928795805956781     
   3.1699999291449785        8.0789020319235902     
   3.1799999289214611        8.0649109913957435     
   3.1899999286979437        8.0509066217641845     
   3.1999999284744263        8.0368890873383414     
   3.2099999282509089        8.0228585539436708     
   3.2199999280273914        8.0088151888807531     
   3.2299999278038740        7.9947591608848390     
   3.2399999275803566        7.9806906400858395     
   3.2499999273568392        7.9666097979687605     
   3.2599999271333218        7.9525168073345789     
   3.2699999269098043        7.9384118422615595     
   3.2799999266862869        7.9242950780670087     
   3.2899999264627695        7.9101666912694615     
   3.2999999262392521        7.8960268595513075     
   3.3099999260157347        7.8818757617218393     
   3.3199999257922173        7.8677135776807354     
   3.3299999255686998        7.8535404883819675     
   3.3399999253451824        7.8393566757981299     
   3.3499999251216650        7.8251623228851912     
   3.3599999248981476        7.8109576135476644     
   3.3699999246746302        7.7967427326041925     
   3.3799999244511127        7.7825178657535483     
   3.3899999242275953        7.7682831995410453     
   3.3999999240040779        7.7540389213253560     
   3.4099999237805605        7.7397852192457357     
   3.4199999235570431        7.7255222821896510     
   3.4299999233335257        7.7112502997608079     
   3.4399999231100082        7.6969694622475782     
   3.4499999228864908        7.6826799605918188     
   3.4599999226629734        7.6683819863580878     
   3.4699999224394560        7.6540757317032453     
   3.4799999222159386        7.6397613893464458     
   3.4899999219924212        7.6254391525395127     
   3.4999999217689037        7.6111092150376951     
   3.5099999215453863        7.5967717710708031     
   3.5199999213218689        7.5824270153147193     
