   0.00000000       3.12413931    
   9.99999978E-03   3.12107754    
   1.99999996E-02   3.11495709    
   2.99999993E-02   3.10578394    
   3.99999991E-02   3.09356713    
   4.99999970E-02   3.07831860    
   5.99999949E-02   3.06005335    
   6.99999928E-02   3.03878927    
   7.99999908E-02   3.01454711    
   8.99999887E-02   2.98735070    
   9.99999866E-02   2.95722675    
  0.109999985       2.92420483    
  0.119999982       2.88831711    
  0.129999980       2.84959888    
  0.139999986       2.80808806    
  0.149999991       2.76382542    
  0.159999996       2.71685433    
  0.170000002       2.66722083    
  0.180000007       2.61497355    
  0.190000013       2.56016350    
  0.200000018       2.50284457    
  0.210000023       2.44307280    
  0.220000029       2.38090682    
  0.230000034       2.31640744    
  0.240000039       2.24963808    
  0.250000030       2.18066406    
  0.260000020       2.10955310    
  0.270000011       2.03637481    
  0.280000001       1.96120083    
  0.289999992       1.88410485    
  0.299999982       1.80516243    
  0.309999973       1.72445095    
  0.319999963       1.64204955    
  0.329999954       1.55803895    
  0.339999944       1.47250152    
  0.349999934       1.38552105    
  0.359999925       1.29718280    
  0.369999915       1.20757329    
  0.379999906       1.11678040    
  0.389999896       1.02489305    
  0.399999887      0.932001293    
  0.409999877      0.838196158    
  0.419999868      0.743569613    
  0.429999858      0.648214340    
  0.439999849      0.552223802    
  0.449999839      0.455692083    
  0.459999830      0.358713776    
  0.469999820      0.261383921    
  0.479999810      0.163797915    
  0.489999801       6.60513863E-02
  0.499999791      -3.17598730E-02
  0.509999812     -0.129540011    
  0.519999802     -0.227193207    
  0.529999793     -0.324623734    
  0.539999783     -0.421736121    
  0.549999774     -0.518435240    
  0.559999764     -0.614626288    
  0.569999754     -0.710215032    
  0.579999745     -0.805107772    
  0.589999735     -0.899211526    
  0.599999726     -0.992434025    
  0.609999716      -1.08468390    
  0.619999707      -1.17587078    
  0.629999697      -1.26590526    
  0.639999688      -1.35469913    
  0.649999678      -1.44216537    
  0.659999669      -1.52821827    
  0.669999659      -1.61277354    
  0.679999650      -1.69574833    
  0.689999640      -1.77706134    
  0.699999630      -1.85663283    
  0.709999621      -1.93438482    
  0.719999611      -2.01024127    
  0.729999602      -2.08412766    
  0.739999592      -2.15597153    
  0.749999583      -2.22570252    
  0.759999573      -2.29325223    
  0.769999564      -2.35855460    
  0.779999554      -2.42154551    
  0.789999545      -2.48216319    
  0.799999535      -2.54034829    
  0.809999526      -2.59604383    
  0.819999516      -2.64919519    
  0.829999506      -2.69975042    
  0.839999497      -2.74765992    
  0.849999487      -2.79287672    
  0.859999478      -2.83535647    
  0.869999468      -2.87505770    
  0.879999459      -2.91194129    
  0.889999449      -2.94597125    
  0.899999440      -2.97711420    
  0.909999430      -3.00533962    
  0.919999421      -3.03061986    
  0.929999411      -3.05293012    
  0.939999402      -3.07224846    
  0.949999392      -3.08855605    
  0.959999382      -3.10183692    
  0.969999373      -3.11207795    
  0.979999363      -3.11926913    
  0.989999354      -3.12340355    
  0.999999344      -3.12447715    
   1.00999939      -3.12248874    
   1.01999938      -3.11744022    
   1.02999938      -3.10933661    
   1.03999937      -3.09818578    
   1.04999936      -3.08399868    
   1.05999935      -3.06678915    
   1.06999934      -3.04657412    
   1.07999933      -3.02337337    
   1.08999932      -2.99720979    
   1.09999931      -2.96810889    
   1.10999930      -2.93609929    
   1.11999929      -2.90121222    
   1.12999928      -2.86348200    
   1.13999927      -2.82294559    
   1.14999926      -2.77964282    
   1.15999925      -2.73361611    
   1.16999924      -2.68491054    
   1.17999923      -2.63357377    
   1.18999922      -2.57965612    
   1.19999921      -2.52321053    
   1.20999920      -2.46429229    
   1.21999919      -2.40295911    
   1.22999918      -2.33927107    
   1.23999918      -2.27329063    
   1.24999917      -2.20508242    
   1.25999916      -2.13471317    
   1.26999915      -2.06225181    
   1.27999914      -1.98776948    
   1.28999913      -1.91133916    
   1.29999912      -1.83303571    
   1.30999911      -1.75293589    
   1.31999910      -1.67111814    
   1.32999909      -1.58766270    
   1.33999908      -1.50265133    
   1.34999907      -1.41616738    
   1.35999906      -1.32829559    
   1.36999905      -1.23912203    
   1.37999904      -1.14873409    
   1.38999903      -1.05722034    
   1.39999902     -0.964670539    
   1.40999901     -0.871175349    
   1.41999900     -0.776826382    
   1.42999899     -0.681716144    
   1.43999898     -0.585937798    
   1.44999897     -0.489585221    
   1.45999897     -0.392752856    
   1.46999896     -0.295535594    
   1.47999895     -0.198028713    
   1.48999894     -0.100327767    
   1.49999893      -2.52850028E-03
   1.50999892       9.52732489E-02
   1.51999891      0.192981631    
   1.52999890      0.290500879    
   1.53999889      0.387735426    
   1.54999888      0.484589994    
   1.55999887      0.580969691    
   1.56999886      0.676780045    
   1.57999885      0.771927178    
   1.58999884      0.866317809    
   1.59999883      0.959859431    
   1.60999882       1.05246031    
   1.61999881       1.14402986    
   1.62999880       1.23447824    
   1.63999879       1.32371688    
   1.64999878       1.41165829    
   1.65999877       1.49821627    
   1.66999876       1.58330595    
   1.67999876       1.66684401    
   1.68999875       1.74874854    
   1.69999874       1.82893932    
   1.70999873       1.90733778    
   1.71999872       1.98386705    
   1.72999871       2.05845189    
   1.73999870       2.13101935    
   1.74999869       2.20149851    
   1.75999868       2.26982021    
   1.76999867       2.33591747    
   1.77999866       2.39972544    
   1.78999865       2.46118164    
   1.79999864       2.52022600    
   1.80999863       2.57680058    
   1.81999862       2.63084984    
   1.82999861       2.68232083    
   1.83999860       2.73116326    
   1.84999859       2.77732921    
   1.85999858       2.82077336    
   1.86999857       2.86145306    
   1.87999856       2.89932847    
   1.88999856       2.93436265    
   1.89999855       2.96652126    
   1.90999854       2.99577260    
   1.91999853       3.02208805    
   1.92999852       3.04544187    
   1.93999851       3.06581116    
   1.94999850       3.08317590    
   1.95999849       3.09751916    
   1.96999848       3.10882688    
   1.97999847       3.11708784    
   1.98999846       3.12229395    
   1.99999845       3.12444019    
   2.00999856       3.12352443    
   2.01999855       3.11954761    
   2.02999854       3.11251354    
   2.03999853       3.10242915    
   2.04999852       3.08930445    
   2.05999851       3.07315230    
   2.06999850       3.05398846    
   2.07999849       3.03183174    
   2.08999848       3.00670385    
   2.09999847       2.97862935    
   2.10999846       2.94763589    
   2.11999846       2.91375375    
   2.12999845       2.87701607    
   2.13999844       2.83745885    
   2.14999843       2.79512095    
   2.15999842       2.75004387    
   2.16999841       2.70227170    
   2.17999840       2.65185142    
   2.18999839       2.59883237    
   2.19999838       2.54326653    
   2.20999837       2.48520827    
   2.21999836       2.42471457    
   2.22999835       2.36184454    
   2.23999834       2.29665995    
   2.24999833       2.22922468    
   2.25999832       2.15960479    
   2.26999831       2.08786845    
   2.27999830       2.01408601    
   2.28999829       1.93832982    
   2.29999828       1.86067402    
   2.30999827       1.78119481    
   2.31999826       1.69997001    
   2.32999825       1.61707926    
   2.33999825       1.53260374    
   2.34999824       1.44662631    
   2.35999823       1.35923123    
   2.36999822       1.27050412    
   2.37999821       1.18053186    
   2.38999820       1.08940268    
   2.39999819      0.997205853    
   2.40999818      0.904031754    
   2.41999817      0.809971690    
   2.42999816      0.715117872    
   2.43999815      0.619563222    
   2.44999814      0.523401380    
   2.45999813      0.426726609    
   2.46999812      0.329633653    
   2.47999811      0.232217655    
   2.48999810      0.134574085    
   2.49999809       3.67986336E-02
   2.50999808      -6.10128790E-02
   2.51999807     -0.158764586    
   2.52999806     -0.256360680    
   2.53999805     -0.353705525    
   2.54999804     -0.450703740    
   2.55999804     -0.547260284    
   2.56999803     -0.643280506    
   2.57999802     -0.738670290    
   2.58999801     -0.833336174    
   2.59999800     -0.927185416    
   2.60999799      -1.02012610    
   2.61999798      -1.11206710    
   2.62999797      -1.20291829    
   2.63999796      -1.29259062    
   2.64999795      -1.38099623    
   2.65999794      -1.46804845    
   2.66999793      -1.55366194    
   2.67999792      -1.63775289    
   2.68999791      -1.72023880    
   2.69999790      -1.80103886    
   2.70999789      -1.88007390    
   2.71999788      -1.95726645    
   2.72999787      -2.03254104    
   2.73999786      -2.10582376    
   2.74999785      -2.17704272    
   2.75999784      -2.24612808    
   2.76999784      -2.31301212    
   2.77999783      -2.37762952    
   2.78999782      -2.43991685    
   2.79999781      -2.49981308    
   2.80999780      -2.55725956    
   2.81999779      -2.61220002    
   2.82999778      -2.66458058    
   2.83999777      -2.71434975    
   2.84999776      -2.76145887    
   2.85999775      -2.80586171    
   2.86999774      -2.84751487    
   2.87999773      -2.88637757    
   2.88999772      -2.92241168    
   2.89999771      -2.95558190    
   2.90999770      -2.98585558    
   2.91999769      -3.01320314    
   2.92999768      -3.03759766    
   2.93999767      -3.05901527    
   2.94999766      -3.07743502    
   2.95999765      -3.09283876    
   2.96999764      -3.10521150    
   2.97999763      -3.11454105    
   2.98999763      -3.12081838    
   2.99999762      -3.12403727    
   3.00999761      -3.12419462    
   3.01999760      -3.12129021    
   3.02999759      -3.11532688    
   3.03999758      -3.10631061    
   3.04999757      -3.09425020    
   3.05999756      -3.07915735    
   3.06999755      -3.06104684    
   3.07999754      -3.03993654    
   3.08999753      -3.01584721    
   3.09999752      -2.98880243    
   3.10999751      -2.95882869    
   3.11999750      -2.92595530    
   3.12999749      -2.89021444    
   3.13999748      -2.85164118    
   3.14999747      -2.81027341    
   3.15999746      -2.76615167    
   3.16999745      -2.71931911    
   3.17999744      -2.66982150    
   3.18999743      -2.61770749    
   3.19999743      -2.56302810    
   3.20999742      -2.50583696    
   3.21999741      -2.44619012    
   3.22999740      -2.38414598    
   3.23999739      -2.31976533    
   3.24999738      -2.25311136    
   3.25999737      -2.18424940    
   3.26999736      -2.11324692    
   3.27999735      -2.04017353    
   3.28999734      -1.96510077    
   3.29999733      -1.88810217    
   3.30999732      -1.80925322    
   3.31999731      -1.72863114    
   3.32999730      -1.64631498    
   3.33999729      -1.56238544    
   3.34999728      -1.47692478    
   3.35999727      -1.39001667    
   3.36999726      -1.30174637    
   3.37999725      -1.21220040    
   3.38999724      -1.12146652    
   3.39999723      -1.02963364    
   3.40999722     -0.936791718    
   3.41999722     -0.843031764    
   3.42999721     -0.748445630    
   3.43999720     -0.653126001    
   3.44999719     -0.557166338    
   3.45999718     -0.460660666    
   3.46999717     -0.363703549    
   3.47999716     -0.266389996    
   3.48999715     -0.168815374    
   3.49999714      -7.10753128E-02
   3.50999713       2.67344024E-02
   3.51999712      0.124517918    
   3.52999711      0.222179413    
   3.53999710      0.319623172    
   3.54999709      0.416753709    
   3.55999708      0.513475835    
   3.56999707      0.609694779    
   3.57999706      0.705316246    
   3.58999705      0.800246477    
   3.59999704      0.894392490    
   3.60999703      0.987662017    
   3.61999702       1.07996368    
   3.62999701       1.17120695    
   3.63999701       1.26130247    
   3.64999700       1.35016191    
   3.65999699       1.43769825    
   3.66999698       1.52382565    
   3.67999697       1.60845971    
   3.68999696       1.69151747    
   3.69999695       1.77291751    
   3.70999694       1.85258007    
   3.71999693       1.93042707    
   3.72999692       2.00638223    
   3.73999691       2.08037114    
   3.74999690       2.15232134    
   3.75999689       2.22216225    
   3.76999688       2.28982544    
   3.77999687       2.35524464    
   3.78999686       2.41835570    
   3.79999685       2.47909689    
   3.80999684       2.53740859    
   3.81999683       2.59323359    
   3.82999682       2.64651728    
   3.83999681       2.69720745    
   3.84999681       2.74525428    
   3.85999680       2.79061079    
   3.86999679       2.83323240    
   3.87999678       2.87307739    
   3.88999677       2.91010666    
   3.89999676       2.94428396    
   3.90999675       2.97557592    
   3.91999674       3.00395179    
   3.92999673       3.02938390    
   3.93999672       3.05184722    
   3.94999671       3.07131982    
   3.95999670       3.08778262    
   3.96999669       3.10121942    
   3.97999668       3.11161709    
   3.98999667       3.11896539    
   3.99999666       3.12325716    
   4.00999689       3.12448812    
   4.01999712       3.12265706    
   4.02999735       3.11776590    
   4.03999758       3.10981941    
   4.04999781       3.09882522    
   4.05999804       3.08479428    
   4.06999826       3.06774020    
   4.07999849       3.04767966    
   4.08999872       3.02463245    
   4.09999895       2.99862099    
   4.10999918       2.96967077    
   4.11999941       2.93781018    
   4.12999964       2.90307045    
   4.13999987       2.86548567    
   4.15000010       2.82509279    
   4.16000032       2.78193140    
   4.17000055       2.73604369    
   4.18000078       2.68747473    
   4.19000101       2.63627195    
   4.20000124       2.58248568    
   4.21000147       2.52616858    
   4.22000170       2.46737576    
   4.23000193       2.40616488    
   4.24000216       2.34259605    
   4.25000238       2.27673149    
   4.26000261       2.20863581    
   4.27000284       2.13837576    
   4.28000307       2.06602001    
   4.29000330       1.99163961    
   4.30000353       1.91530740    
   4.31000376       1.83709824    
   4.32000399       1.75708878    
   4.33000422       1.67535734    
   4.34000444       1.59198403    
   4.35000467       1.50705063    
   4.36000490       1.42064035    
   4.37000513       1.33283782    
   4.38000536       1.24372911    
   4.39000559       1.15340161    
   4.40000582       1.06194377    
   4.41000605      0.969445229    
   4.42000628      0.875996649    
   4.43000650      0.781689584    
   4.44000673      0.686616480    
   4.45000696      0.590870500    
   4.46000719      0.494545460    
   4.47000742      0.397735775    
   4.48000765      0.300536305    
   4.49000788      0.203042313    
   4.50000811      0.105349340    
   4.51000834       7.55312340E-03
   4.52000856      -9.02504921E-02
   4.53000879     -0.187965676    
   4.54000902     -0.285496652    
   4.55000925     -0.382747829    
   4.56000948     -0.479623914    
   4.57000971     -0.576029956    
   4.58000994     -0.671871483    
   4.59001017     -0.767054558    
   4.60001040     -0.861485898    
   4.61001062     -0.955072999    
   4.62001085      -1.04772413    
   4.63001108      -1.13934851    
   4.64001131      -1.22985637    
   4.65001154      -1.31915903    
   4.66001177      -1.40716887    
   4.67001200      -1.49379969    
   4.68001223      -1.57896662    
   4.69001245      -1.66258621    
   4.70001268      -1.74457645    
   4.71001291      -1.82485700    
   4.72001314      -1.90334916    
   4.73001337      -1.97997606    
   4.74001360      -2.05466247    
   4.75001383      -2.12733507    
   4.76001406      -2.19792295    
   4.77001429      -2.26635695    
   4.78001451      -2.33256984    
   4.79001474      -2.39649677    
   4.80001497      -2.45807505    
   4.81001520      -2.51724434    
   4.82001543      -2.57394671    
   4.83001566      -2.62812662    
   4.84001589      -2.67973089    
   4.85001612      -2.72870898    
   4.86001635      -2.77501297    
   4.87001657      -2.81859756    
   4.88001680      -2.85941982    
   4.89001703      -2.89743996    
   4.90001726      -2.93262053    
   4.91001749      -2.96492720    
   4.92001772      -2.99432826    
   4.93001795      -3.02079487    
   4.94001818      -3.04430103    
   4.95001841      -3.06482387    
   4.96001863      -3.08234310    
   4.97001886      -3.09684157    
   4.98001909      -3.10830522    
   4.99001932      -3.11672282    
   5.00001955      -3.12208605    
   5.01001978      -3.12438965    
   5.02002001      -3.12363124    
   5.03002024      -3.11981177    
   5.04002047      -3.11293483    
   5.05002069      -3.10300732    
   5.06002092      -3.09003878    
   5.07002115      -3.07404208    
   5.08002138      -3.05503273    
   5.09002161      -3.03302956    
   5.10002184      -3.00805402    
   5.11002207      -2.98013067    
   5.12002230      -2.94928670    
   5.13002253      -2.91555238    
   5.14002275      -2.87896085    
   5.15002298      -2.83954787    
   5.16002321      -2.79735208    
   5.17002344      -2.75241494    
   5.18002367      -2.70478034    
   5.19002390      -2.65449500    
   5.20002413      -2.60160828    
   5.21002436      -2.54617190    
   5.22002459      -2.48824024    
   5.23002481      -2.42787004    
   5.24002504      -2.36512041    
   5.25002527      -2.30005288    
   5.26002550      -2.23273134    
   5.27002573      -2.16322184    
   5.28002596      -2.09159231    
   5.29002619      -2.01791310    
   5.30002642      -1.94225633    
   5.31002665      -1.86469615    
   5.32002687      -1.78530860    
   5.33002710      -1.70417142    
   5.34002733      -1.62136412    
   5.35002756      -1.53696787    
   5.36002779      -1.45106542    
   5.37002802      -1.36374092    
   5.38002825      -1.27507997    
   5.39002848      -1.18516946    
   5.40002871      -1.09409750    
   5.41002893      -1.00195336    
   5.42002916     -0.908827305    
   5.43002939     -0.814810574    
   5.44002962     -0.719995320    
   5.45002985     -0.624474466    
   5.46003008     -0.528341651    
   5.47003031     -0.431691051    
   5.48003054     -0.334617406    
   5.49003077     -0.237215832    
   5.50003099     -0.139581785    
   5.51003122      -4.18109484E-02
   5.52003145       5.60008623E-02
   5.53003168      0.153757796    
   5.54003191      0.251364052    
   5.55003214      0.348723948    
   5.56003237      0.445742100    
   5.57003260      0.542323411    
   5.58003283      0.638373196    
   5.59003305      0.733797371    
   5.60003328      0.828502417    
   5.61003351      0.922395527    
   5.62003374       1.01538467    
   5.63003397       1.10737884    
   5.64003420       1.19828773    
   5.65003443       1.28802228    
   5.66003466       1.37649453    
   5.67003489       1.46361780    
   5.68003511       1.54930675    
   5.69003534       1.63347733    
   5.70003557       1.71604705    
   5.71003580       1.79693508    
   5.72003603       1.87606215    
   5.73003626       1.95335066    
   5.74003649       2.02872491    
   5.75003672       2.10211110    
   5.76003695       2.17343712    
   5.77003717       2.24263310    
   5.78003740       2.30963135    
   5.79003763       2.37436604    
   5.80003786       2.43677378    
   5.81003809       2.49679351    
   5.82003832       2.55436635    
   5.83003855       2.60943580    
   5.84003878       2.66194797    
   5.85003901       2.71185136    
   5.86003923       2.75909710    
   5.87003946       2.80363894    
   5.88003969       2.84543324    
   5.89003992       2.88443899    
   5.90004015       2.92061806    
   5.91004038       2.95393491    
   5.92004061       2.98435688    
   5.93004084       3.01185417    
   5.94004107       3.03639984    
   5.95004129       3.05796981    
   5.96004152       3.07654285    
   5.97004175       3.09210086    
   5.98004198       3.10462856    
   5.99004221       3.11411381    
   6.00004244       3.12054729    
   6.01004267       3.12392259    
   6.02004290       3.12423635    
   6.03004313       3.12148833    
   6.04004335       3.11568117    
   6.05004358       3.10682058    
   6.06004381       3.09491539    
   6.07004404       3.07997727    
   6.08004427       3.06202078    
   6.09004450       3.04106355    
   6.10004473       3.01712608    
   6.11004496       2.99023175    
   6.12004519       2.96040702    
   6.13004541       2.92768097    
   6.14004564       2.89208579    
   6.15004587       2.85365629    
   6.16004610       2.81243014    
   6.17004633       2.76844788    
   6.18004656       2.72175264    
   6.19004679       2.67238998    
   6.20004702       2.62040830    
   6.21004725       2.56585860    
   6.22004747       2.50879431    
   6.23004770       2.44927144    
   6.24004793       2.38734818    
   6.25004816       2.32308531    
   6.26004839       2.25654578    
   6.27004862       2.18779492    
   6.28004885       2.11689997    
   6.29004908       2.04393053    
   6.30004930       1.96895802    
   6.31004953       1.89205599    
   6.32004976       1.81329978    
   6.33004999       1.73276651    
   6.34005022       1.65053511    
   6.35005045       1.56668615    
   6.36005068       1.48130190    
   6.37005091       1.39446592    
   6.38005114       1.30626333    
   6.39005136       1.21678054    
   6.40005159       1.12610531    
   6.41005182       1.03432643    
   6.42005205      0.941533923    
   6.43005228      0.847818732    
   6.44005251      0.753272653    
   6.45005274      0.657988369    
   6.46005297      0.562059283    
   6.47005320      0.465579391    
   6.48005342      0.368643224    
   6.49005365      0.271345794    
   6.50005388      0.173782438    
   6.51005411       7.60487765E-02
   6.52005434      -2.17594132E-02
   6.53005457     -0.119546279    
   6.54005480     -0.217215985    
   6.55005503     -0.314672798    
   6.56005526     -0.411821246    
   6.57005548     -0.508566082    
   6.58005571     -0.604812503    
   6.59005594     -0.700466216    
   6.60005617     -0.795433462    
   6.61005640     -0.889621198    
   6.62005663     -0.982937098    
   6.63005686      -1.07528961    
   6.64005709      -1.16658831    
   6.65005732      -1.25674379    
   6.66005754      -1.34566772    
   6.67005777      -1.43327284    
   6.68005800      -1.51947331    
   6.69005823      -1.60418475    
   6.70005846      -1.68732405    
   6.71005869      -1.76880980    
   6.72005892      -1.84856212    
   6.73005915      -1.92650282    
   6.74005938      -2.00255561    
   6.75005960      -2.07664609    
   6.76005983      -2.14870143    
   6.77006006      -2.21865106    
   6.78006029      -2.28642631    
   6.79006052      -2.35196090    
   6.80006075      -2.41519046    
   6.81006098      -2.47605324    
   6.82006121      -2.53448939    
   6.83006144      -2.59044170    
   6.84006166      -2.64385533    
   6.85006189      -2.69467807    
   6.86006212      -2.74286008    
   6.87006235      -2.78835416    
   6.88006258      -2.83111572    
   6.89006281      -2.87110281    
   6.90006304      -2.90827632    
   6.91006327      -2.94259977    
   6.92006350      -2.97403955    
   6.93006372      -3.00256467    
   6.94006395      -3.02814722    
   6.95006418      -3.05076218    
   6.96006441      -3.07038736    
   6.97006464      -3.08700347    
   6.98006487      -3.10059428    
   6.99006510      -3.11114645    
   7.00006533      -3.11864972    
   7.01006556      -3.12309670    
   7.02006578      -3.12448311    
   7.03006601      -3.12280750    
   7.04006624      -3.11807156    
   7.05006647      -3.11027980    
   7.06006670      -3.09943986    
   7.07006693      -3.08556247    
   7.08006716      -3.06866121    
   7.09006739      -3.04875278    
   7.10006762      -3.02585649    
   7.11006784      -2.99999475    
   7.12006807      -2.97119308    
   7.13006830      -2.93947959    
   7.14006853      -2.90488553    
   7.15006876      -2.86744475    
   7.16006899      -2.82719398    
   7.17006922      -2.78417253    
   7.18006945      -2.73842263    
   7.19006968      -2.68998909    
   7.20006990      -2.63891935    
   7.21007013      -2.58526349    
   7.22007036      -2.52907395    
   7.23007059      -2.47040582    
   7.24007082      -2.40931678    
   7.25007105      -2.34586668    
   7.26007128      -2.28011775    
   7.27007151      -2.21213436    
   7.28007174      -2.14198303    
   7.29007196      -2.06973267    
   7.30007219      -1.99545395    
   7.31007242      -1.91921973    
   7.32007265      -1.84110463    
   7.33007288      -1.76118529    
   7.34007311      -1.67954004    
   7.35007334      -1.59624887    
   7.36007357      -1.51139331    
   7.37007380      -1.42505658    
   7.38007402      -1.33732331    
   7.39007425      -1.24827945    
   7.40007448      -1.15801227    
   7.41007471      -1.06661022    
   7.42007494     -0.974162877    
   7.43007517     -0.880760849    
   7.44007540     -0.786495686    
   7.45007563     -0.691459775    
   7.46007586     -0.595746219    
   7.47007608     -0.499448836    
   7.48007631     -0.402661979    
   7.49007654     -0.305480510    
   7.50007677     -0.207999676    
   7.51007700     -0.110315003    
   7.52007723      -1.25222197E-02
   7.53007746       8.52828324E-02
   7.54007769      0.183004305    
   7.55007792      0.280546427    
   7.56007814      0.377813607    
   7.57007837      0.474710524    
   7.58007860      0.571142256    
   7.59007883      0.667014241    
   7.60007906      0.762232542    
   7.61007929      0.856703877    
   7.62007952      0.950335622    
   7.63007975       1.04303598    
   7.64007998       1.13471413    
   7.65008020       1.22528028    
   7.66008043       1.31464565    
   7.67008066       1.40272272    
   7.68008089       1.48942506    
   7.69008112       1.57466781    
   7.70008135       1.65836740    
   7.71008158       1.74044180    
   7.72008181       1.82081056    
   7.73008204       1.89939487    
   7.74008226       1.97611773    
   7.75008249       2.05090404    
   7.76008272       2.12368059    
   7.77008295       2.19437599    
   7.78008318       2.26292086    
   7.79008341       2.32924795    
   7.80008364       2.39329243    
   7.81008387       2.45499158    
   7.82008410       2.51428485    
   7.83008432       2.57111406    
   7.84008455       2.62542367    
   7.85008478       2.67716026    
   7.86008501       2.72627330    
   7.87008524       2.77271461    
   7.88008547       2.81643867    
   7.89008570       2.85740256    
   7.90008593       2.89556623    
   7.91008615       2.93089223    
   7.92008638       2.96334600    
   7.93008661       2.99289560    
   7.94008684       3.01951218    
   7.95008707       3.04316974    
   7.96008730       3.06384492    
   7.97008753       3.08151746    
   7.98008776       3.09617019    
   7.99008799       3.10778856    
   8.00008774       3.11636138    
   8.01008797       3.12188005    
   8.02008820       3.12433934    
   8.03008842       3.12373686    
   8.04008865       3.12007308    
   8.05008888       3.11335158    
   8.06008911       3.10357904    
   8.07008934       3.09076500    
   8.08008957       3.07492208    
   8.09008980       3.05606580    
   8.10009003       3.03421450    
   8.11009026       3.00938964    
   8.12009048       2.98161554    
   8.13009071       2.95091939    
   8.14009094       2.91733122    
   8.15009117       2.88088417    
   8.16009140       2.84161377    
   8.17009163       2.79955864    
   8.18009186       2.75476003    
   8.19009209       2.70726180    
   8.20009232       2.65711045    
   8.21009254       2.60435510    
   8.22009277       2.54904747    
   8.23009300       2.49124169    
   8.24009323       2.43099451    
   8.25009346       2.36836505    
   8.26009369       2.30341458    
   8.27009392       2.23620677    
   8.28009415       2.16680741    
   8.29009438       2.09528470    
   8.30009460       2.02170873    
   8.31009483       1.94615149    
   8.32009506       1.86868703    
   8.33009529       1.78939128    
   8.34009552       1.70834196    
   8.35009575       1.62561846    
   8.36009598       1.54130185    
   8.37009621       1.45547473    
   8.38009644       1.36822128    
   8.39009666       1.27962697    
   8.40009689       1.18977857    
   8.41009712       1.09876418    
   8.42009735       1.00667298    
   8.43009758      0.913595259    
   8.44009781      0.819622219    
   8.45009804      0.724845946    
   8.46009827      0.629359305    
   8.47009850      0.533255875    
   8.48009872      0.436629862    
   8.49009895      0.339575946    
   8.50009918      0.242189243    
   8.51009941      0.144565195    
   8.52009964       4.67994735E-02
   8.53009987      -5.10121100E-02
   8.54010010     -0.148773700    
   8.55010033     -0.246389493    
   8.56010056     -0.343763828    
   8.57010078     -0.440801263    
   8.58010101     -0.537406683    
   8.59010124     -0.633485436    
   8.60010147     -0.728943348    
   8.61010170     -0.823686898    
   8.62010193     -0.917623222    
   8.63010216      -1.01066017    
   8.64010239      -1.10270667    
   8.65010262      -1.19367254    
   8.66010284      -1.28346860    
   8.67010307      -1.37200689    
   8.68010330      -1.45920062    
   8.69010353      -1.54496431    
   8.70010376      -1.62921393    
   8.71010399      -1.71186686    
   8.72010422      -1.79284215    
   8.73010445      -1.87206042    
   8.74010468      -1.94944406    
   8.75010490      -2.02491736    
   8.76010513      -2.09840631    
   8.77010536      -2.16983891    
   8.78010559      -2.23914504    
   8.79010582      -2.30625677    
   8.80010605      -2.37110829    
   8.81010628      -2.43363619    
   8.82010651      -2.49377918    
   8.83010674      -2.55147839    
   8.84010696      -2.60667706    
   8.85010719      -2.65932107    
   8.86010742      -2.70935893    
   8.87010765      -2.75674152    
   8.88010788      -2.80142260    
   8.89010811      -2.84335828    
   8.90010834      -2.88250756    
   8.91010857      -2.91883206    
   8.92010880      -2.95229602    
   8.93010902      -2.98286676    
   8.94010925      -3.01051426    
   8.95010948      -3.03521156    
   8.96010971      -3.05693436    
   8.97010994      -3.07566142    
   8.98011017      -3.09137440    
   8.99011040      -3.10405779    
   9.00011063      -3.11369920    
   9.01011086      -3.12028909    
   9.02011108      -3.12382102    
   9.03011131      -3.12429166    
   9.04011154      -3.12170053    
   9.05011177      -3.11605024    
   9.06011200      -3.10734630    
   9.07011223      -3.09559727    
   9.08011246      -3.08081460    
   9.09011269      -3.06301284    
   9.10011292      -3.04220939    
   9.11011314      -3.01842451    
   9.12011337      -2.99168158    
   9.13011360      -2.96200681    
   9.14011383      -2.92942929    
   9.15011406      -2.89398098    
   9.16011429      -2.85569668    
   9.17011452      -2.81461382    
   9.18011475      -2.77077270    
   9.19011497      -2.72421622    
   9.20011520      -2.67498994    
   9.21011543      -2.62314224    
   9.22011566      -2.56872392    
   9.23011589      -2.51178813    
   9.24011612      -2.45239091    
   9.25011635      -2.39059043    
   9.26011658      -2.32644725    
   9.27011681      -2.26002407    
   9.28011703      -2.19138598    
   9.29011726      -2.12060022    
   9.30011749      -2.04773617    
   9.31011772      -1.97286534    
   9.32011795      -1.89606106    
   9.33011818      -1.81739867    
   9.34011841      -1.73695517    
   9.35011864      -1.65480947    
   9.36011887      -1.57104206    
   9.37011909      -1.48573506    
   9.38011932      -1.39897203    
   9.39011955      -1.31083798    
   9.40011978      -1.22141933    
   9.41012001      -1.13080370    
   9.42012024      -1.03907990    
   9.43012047     -0.946337819    
   9.44012070     -0.852668345    
   9.45012093     -0.758163273    
   9.46012115     -0.662915230    
   9.47012138     -0.567017555    
   9.48012161     -0.470564216    
   9.49012184     -0.373649716    
   9.50012207     -0.276369035    
   9.51012230     -0.178817511    
   9.52012253      -8.10907483E-02
   9.53012276       1.67154837E-02
   9.54012299      0.114505328    
   9.55012321      0.212182954    
   9.56012344      0.309652656    
   9.57012367      0.406818926    
   9.58012390      0.503586471    
   9.59012413      0.599860489    
   9.60012436      0.695546627    
   9.61012459      0.790551126    
   9.62012482      0.884780884    
   9.63012505      0.978143573    
   9.64012527       1.07054770    
   9.65012550       1.16190267    
   9.66012573       1.25211895    
   9.67012596       1.34110820    
   9.68012619       1.42878318    
   9.69012642       1.51505792    
   9.70012665       1.59984791    
   9.71012688       1.68307006    
   9.72012711       1.76464283    
   9.73012733       1.84448624    
   9.74012756       1.92252207    
   9.75012779       1.99867380    
   9.76012802       2.07286692    
   9.77012825       2.14502859    
   9.78012848       2.21508813    
   9.79012871       2.28297687    
   9.80012894       2.34862828    
   9.81012917       2.41197801    
   9.82012939       2.47296405    
   9.83012962       2.53152657    
   9.84012985       2.58760810    
   9.85013008       2.64115381    
   9.86013031       2.69211125    
   9.87013054       2.74043036    
   9.88013077       2.78606391    
   9.89013100       2.82896709    
   9.90013123       2.86909795    
   9.91013145       2.90641713    
   9.92013168       2.94088793    
   9.93013191       2.97247672    
   9.94013214       3.00115252    
   9.95013237       3.02688718    
   9.96013260       3.04965544    
   9.97013283       3.06943512    
   9.98013306       3.08620667    
