   0.0000000000000000        0.0000000000000000     
   9.9999997764825821E-003  0.12842275570347447     
   1.9999999552965164E-002  0.25657695231195171     
   2.9999999329447746E-002  0.38446451594646758     
   3.9999999105930328E-002  0.51208735456029908     
   4.9999998882412910E-002  0.63944735812329478     
   5.9999998658895493E-002  0.76654639880300590     
   6.9999998435378075E-002  0.89338633114266885     
   7.9999998211860657E-002   1.0199689922360897     
   8.9999997988343239E-002   1.1462962018994778     
   9.9999997764825821E-002   1.2723697628402773     
  0.10999999754130840        1.3981914608230444     
  0.11999999731779099        1.5237630648324134     
  0.12999999709427357        1.6490863272331997     
  0.13999999687075615        1.7741629839276816     
  0.14999999664723873        1.8989947545101056     
  0.15999999642372131        2.0235833424184566     
  0.16999999620020390        2.1479304350835364     
  0.17999999597668648        2.2720377040753887     
  0.18999999575316906        2.3959068052471140     
  0.19999999552965164        2.5195393788761100     
  0.20999999530613422        2.6429370498027827     
  0.21999999508261681        2.7661014275667557     
  0.22999999485909939        2.8890341065406289     
  0.23999999463558197        3.0117366660613092     
  0.24999999441206455        3.1342106705589612     
  0.25999999418854713        3.2564576696836056     
  0.26999999396502972        3.3784791984294045     
  0.27999999374151230        3.5002767772566665     
  0.28999999351799488        3.6218519122116053     
  0.29999999329447746        3.7432060950438868     
  0.30999999307096004        3.8643408033219950     
  0.31999999284744263        3.9852575005464530     
  0.32999999262392521        4.1059576362609267     
  0.33999999240040779        4.2264426461612459     
  0.34999999217689037        4.3467139522023741     
  0.35999999195337296        4.4667729627033532     
  0.36999999172985554        4.5866210724502636     
  0.37999999150633812        4.7062596627972146     
  0.38999999128282070        4.8256901017654101     
  0.39999999105930328        4.9449137441403117     
  0.40999999083578587        5.0639319315669242     
  0.41999999061226845        5.1827459926432411     
  0.42999999038875103        5.3013572430118758     
  0.43999999016523361        5.4197669854498995     
  0.44999998994171619        5.5379765099569260     
  0.45999998971819878        5.6559870938414631     
  0.46999998949468136        5.7738000018055571     
  0.47999998927116394        5.8914164860277678     
  0.48999998904764652        6.0088377862444862     
  0.49999998882412910        6.1260651298296374     
  0.50999998860061169        6.2430997318727837     
  0.51999998837709427        6.3599427952556642     
  0.52999998815357685        6.4765955107271882     
  0.53999998793005943        6.5930590569769176     
  0.54999998770654202        6.7093346007070611     
  0.55999998748302460        6.8254232967030033     
  0.56999998725950718        6.9413262879024051     
  0.57999998703598976        7.0570447054628902     
  0.58999998681247234        7.1725796688283525     
  0.59999998658895493        7.2879322857939073     
  0.60999998636543751        7.4031036525695146     
  0.61999998614192009        7.5180948538422960     
  0.62999998591840267        7.6329069628375823     
  0.63999998569488525        7.7475410413787031     
  0.64999998547136784        7.8619981399455643     
  0.65999998524785042        7.9762792977320167     
  0.66999998502433300        8.0903855427020694     
  0.67999998480081558        8.2043178916449460     
  0.68999998457729816        8.3180773502290410     
  0.69999998435378075        8.4316649130547727     
  0.70999998413026333        8.5450815637063879     
  0.71999998390674591        8.6583282748027237     
  0.72999998368322849        8.7714060080469665     
  0.73999998345971107        8.8843157142754361     
  0.74999998323619366        8.9970583335054126     
  0.75999998301267624        9.1096347949820426     
  0.76999998278915882        9.2220460172243524     
  0.77999998256564140        9.3342929080703954     
  0.78999998234212399        9.4463763647215533     
  0.79999998211860657        9.5582972737860441     
  0.80999998189508915        9.6700565113216292     
  0.81999998167157173        9.7816549428775872     
  0.82999998144805431        9.8930934235359533     
  0.83999998122453690        10.004372797952069     
  0.84999998100101948        10.115493900394471     
  0.85999998077750206        10.226457554784142     
  0.86999998055398464        10.337264574733160     
  0.87999998033046722        10.447915763582770     
  0.88999998010694981        10.558411914440919     
  0.89999997988343239        10.668753810219268     
  0.90999997965991497        10.778942223669729     
  0.91999997943639755        10.888977917420542     
  0.92999997921288013        10.998861644011939     
  0.93999997898936272        11.108594145931409     
  0.94999997876584530        11.218176155648608     
  0.95999997854232788        11.327608395649939     
  0.96999997831881046        11.436891578472832     
  0.97999997809529305        11.546026406739761     
  0.98999997787177563        11.655013573192029     
  0.99999997764825821        11.763853760723334     
   1.0099999774247408        11.872547642413185     
   1.0199999772012234        11.981095881560158     
   1.0299999769777060        12.089499131715050     
   1.0399999767541885        12.197758036713957     
   1.0499999765306711        12.305873230711295     
   1.0599999763071537        12.413845338212823     
   1.0699999760836363        12.521674974108652     
   1.0799999758601189        12.629362743706332     
   1.0899999756366014        12.736909242763989     
   1.0999999754130840        12.844315057523584     
   1.1099999751895666        12.951580764744303     
   1.1199999749660492        13.058706931736118     
   1.1299999747425318        13.165694116393537     
   1.1399999745190144        13.272542867229591     
   1.1499999742954969        13.379253723410065     
   1.1599999740719795        13.485827214788024     
   1.1699999738484621        13.592263861938642     
   1.1799999736249447        13.698564176194377     
   1.1899999734014273        13.804728659680514     
   1.1999999731779099        13.910757805351093     
   1.2099999729543924        14.016652097025274     
   1.2199999727308750        14.122412009424133     
   1.2299999725073576        14.228038008207946     
   1.2399999722838402        14.333530550013949     
   1.2499999720603228        14.438890082494639     
   1.2599999718368053        14.544117044356611     
   1.2699999716132879        14.649211865399948     
   1.2799999713897705        14.754174966558230     
   1.2899999711662531        14.859006759939115     
   1.2999999709427357        14.963707648865581     
   1.3099999707192183        15.068278027917797     
   1.3199999704957008        15.172718282975669     
   1.3299999702721834        15.277028791262069     
   1.3399999700486660        15.381209921386763     
   1.3499999698251486        15.485262033391061     
   1.3599999696016312        15.589185478793194     
   1.3699999693781137        15.692980600634439     
   1.3799999691545963        15.796647733525999     
   1.3899999689310789        15.900187203696659     
   1.3999999687075615        16.003599329041215     
   1.4099999684840441        16.106884419169699     
   1.4199999682605267        16.210042775457403     
   1.4299999680370092        16.313074691095697     
   1.4399999678134918        16.415980451143678     
   1.4499999675899744        16.518760332580626     
   1.4599999673664570        16.621414604359284     
   1.4699999671429396        16.723943527459959     
   1.4799999669194221        16.826347354945458     
   1.4899999666959047        16.928626332016847     
   1.4999999664723873        17.030780696070028     
   1.5099999662488699        17.132810676753166     
   1.5199999660253525        17.234716496024920     
   1.5299999658018351        17.336498368213491     
   1.5399999655783176        17.438156500076506     
   1.5499999653548002        17.539691090861687     
   1.5599999651312828        17.641102332368344     
   1.5699999649077654        17.742390409009651     
   1.5799999646842480        17.843555497875709     
   1.5899999644607306        17.944597768797390     
   1.5999999642372131        18.045517384410939     
   1.6099999640136957        18.146314500223340     
   1.6199999637901783        18.246989264678419     
   1.6299999635666609        18.347541819223665     
   1.6399999633431435        18.447972298377785     
   1.6499999631196260        18.548280829798934     
   1.6599999628961086        18.648467534353642     
   1.6699999626725912        18.748532526186402     
   1.6799999624490738        18.848475912789901     
   1.6899999622255564        18.948297795075892     
   1.6999999620020390        19.047998267446658     
   1.7099999617785215        19.147577417867083     
   1.7199999615550041        19.247035327937287     
   1.7299999613314867        19.346372072965799     
   1.7399999611079693        19.445587722043285     
   1.7499999608844519        19.544682338116758     
   1.7599999606609344        19.643655978064274     
   1.7699999604374170        19.742508692770109     
   1.7799999602138996        19.841240527200345     
   1.7899999599903822        19.939851520478900     
   1.7999999597668648        20.038341705963926     
   1.8099999595433474        20.136711111324587     
   1.8199999593198299        20.234959758618174     
   1.8299999590963125        20.333087664367547     
   1.8399999588727951        20.431094839638849     
   1.8499999586492777        20.528981290119525     
   1.8599999584257603        20.626747016196550     
   1.8699999582022429        20.724392013034898     
   1.8799999579787254        20.821916270656196     
   1.8899999577552080        20.919319774017559     
   1.8999999575316906        21.016602503090557     
   1.9099999573081732        21.113764432940307     
   1.9199999570846558        21.210805533804677     
   1.9299999568611383        21.307725771173534     
   1.9399999566376209        21.404525105868057     
   1.9499999564141035        21.501203494120077     
   1.9599999561905861        21.597760887651408     
   1.9699999559670687        21.694197233753155     
   1.9799999557435513        21.790512475364981     
   1.9899999555200338        21.886706551154298     
   1.9999999552965164        21.982779395595369     
   2.0099999550729990        22.078730939048295     
   2.0199999548494816        22.174561107837864     
   2.0299999546259642        22.270269824332242     
   2.0399999544024467        22.365857007021489     
   2.0499999541789293        22.461322570595872     
   2.0599999539554119        22.556666426023945     
   2.0699999537318945        22.651888480630415     
   2.0799999535083771        22.746988638173725     
   2.0899999532848597        22.841966798923369     
   2.0999999530613422        22.936822859736907     
   2.1099999528378248        23.031556714136656     
   2.1199999526143074        23.126168252386069     
   2.1299999523907900        23.220657361565745     
   2.1399999521672726        23.315023925649072     
   2.1499999519437551        23.409267825577498     
   2.1599999517202377        23.503388939335398     
   2.1699999514967203        23.597387142024527     
   2.1799999512732029        23.691262305938036     
   2.1899999510496855        23.785014300634064     
   2.1999999508261681        23.878642993008857     
   2.2099999506026506        23.972148247369422     
   2.2199999503791332        24.065529925505700     
   2.2299999501556158        24.158787886762251     
   2.2399999499320984        24.251921988109419     
   2.2499999497085810        24.344932084213987     
   2.2599999494850636        24.437818027509312     
   2.2699999492615461        24.530579668264906     
   2.2799999490380287        24.623216854655475     
   2.2899999488145113        24.715729432829413     
   2.2999999485909939        24.808117246976714     
   2.3099999483674765        24.900380139396315     
   2.3199999481439590        24.992517950562853     
   2.3299999479204416        25.084530519192846     
   2.3399999476969242        25.176417682310262     
   2.3499999474734068        25.268179275311493     
   2.3599999472498894        25.359815132029706     
   2.3699999470263720        25.451325084798604     
   2.3799999468028545        25.542708964515544     
   2.3899999465793371        25.633966600704039     
   2.3999999463558197        25.725097821575620     
   2.4099999461323023        25.816102454091080     
   2.4199999459087849        25.906980324021070     
   2.4299999456852674        25.997731256006045     
   2.4399999454617500        26.088355073615581     
   2.4499999452382326        26.178851599407029     
   2.4599999450147152        26.269220654983535     
   2.4699999447911978        26.359462061051389     
   2.4799999445676804        26.449575637476734     
   2.4899999443441629        26.539561203341613     
   2.4999999441206455        26.629418576999356     
   2.5099999438971281        26.719147576129313     
   2.5199999436736107        26.808748017790929     
   2.5299999434500933        26.898219718477158     
   2.5399999432265759        26.987562494167207     
   2.5499999430030584        27.076776160378643     
   2.5599999427795410        27.165860532218819     
   2.5699999425560236        27.254815424435648     
   2.5799999423325062        27.343640651467730     
   2.5899999421089888        27.432336027493804     
   2.5999999418854713        27.520901366481553     
   2.6099999416619539        27.609336482235754     
   2.6199999414384365        27.697641188445779     
   2.6299999412149191        27.785815298732434     
   2.6399999409914017        27.873858626694158     
   2.6499999407678843        27.961770985952572     
   2.6599999405443668        28.049552190197382     
   2.6699999403208494        28.137202053230631     
   2.6799999400973320        28.224720389010340     
   2.6899999398738146        28.312107011693467     
   2.6999999396502972        28.399361735678266     
   2.7099999394267797        28.486484375646011     
   2.7199999392032623        28.573474746602066     
   2.7299999389797449        28.660332663916364     
   2.7399999387562275        28.747057943363238     
   2.7499999385327101        28.833650401160643     
   2.7599999383091927        28.920109854008764     
   2.7699999380856752        29.006436119128004     
   2.7799999378621578        29.092629014296385     
   2.7899999376386404        29.178688357886308     
   2.7999999374151230        29.264613968900754     
   2.8099999371916056        29.350405667008861     
   2.8199999369680882        29.436063272580910     
   2.8299999367445707        29.521586606722739     
   2.8399999365210533        29.606975491309559     
   2.8499999362975359        29.692229749019191     
   2.8599999360740185        29.777349203364729     
   2.8699999358505011        29.862333678726639     
   2.8799999356269836        29.947183000384275     
   2.8899999354034662        30.031896994546841     
   2.8999999351799488        30.116475488383795     
   2.9099999349564314        30.200918310054703     
   2.9199999347329140        30.285225288738530     
   2.9299999345093966        30.369396254662398     
   2.9399999342858791        30.453431039129796     
   2.9499999340623617        30.537329474548262     
   2.9599999338388443        30.621091394456521     
   2.9699999336153269        30.704716633551108     
   2.9799999333918095        30.788205027712468     
   2.9899999331682920        30.871556414030529     
   2.9999999329447746        30.954770630829767     
   3.0099999327212572        31.037847517693770     
   3.0199999324977398        31.120786915489283     
   3.0299999322742224        31.203588666389770     
   3.0399999320507050        31.286252613898469     
   3.0499999318271875        31.368778602870965     
   3.0599999316036701        31.451166479537271     
   3.0699999313801527        31.533416091523446     
   3.0799999311566353        31.615527287872705     
   3.0899999309331179        31.697499919066097     
   3.0999999307096004        31.779333837042682     
   3.1099999304860830        31.861028895219267     
   3.1199999302625656        31.942584948509687     
   3.1299999300390482        32.024001853343606     
   3.1399999298155308        32.105279467684916     
   3.1499999295920134        32.186417651049645     
   3.1599999293684959        32.267416264523462     
   3.1699999291449785        32.348275170778720     
   3.1799999289214611        32.428994234091107     
   3.1899999286979437        32.509573320355827     
   3.1999999284744263        32.590012297103385     
   3.2099999282509089        32.670311033514977     
   3.2199999280273914        32.750469400437417     
   3.2299999278038740        32.830487270397704     
   3.2399999275803566        32.910364517617161     
   3.2499999273568392        32.990101018025186     
   3.2599999271333218        33.069696649272601     
   3.2699999269098043        33.149151290744634     
   3.2799999266862869        33.228464823573482     
   3.2899999264627695        33.307637130650527     
   3.2999999262392521        33.386668096638154     
   3.3099999260157347        33.465557607981204     
   3.3199999257922173        33.544305552918061     
   3.3299999255686998        33.622911821491385     
   3.3399999253451824        33.701376305558469     
   3.3499999251216650        33.779698898801236     
   3.3599999248981476        33.857879496735926     
   3.3699999246746302        33.935917996722388     
   3.3799999244511127        34.013814297973056     
   3.3899999242275953        34.091568301561594     
   3.3999999240040779        34.169179910431168     
   3.4099999237805605        34.246649029402455     
   3.4199999235570431        34.323975565181250     
   3.4299999233335257        34.401159426365808     
   3.4399999231100082        34.478200523453850     
   3.4499999228864908        34.555098768849234     
   3.4599999226629734        34.631854076868372     
   3.4699999224394560        34.708466363746261     
   3.4799999222159386        34.784935547642291     
   3.4899999219924212        34.861261548645700     
   3.4999999217689037        34.937444288780767     
   3.5099999215453863        35.013483692011697     
   3.5199999213218689        35.089379684247220     
