   0.0000000000000000        10.000000000000000     
  0.12842275570347447        10.152558280492832     
  0.25657695231195171        10.303817526818076     
  0.38446451594646758        10.453782066062368     
  0.51208735456029908        10.602456178770225     
  0.63944735812329478        10.749844099472513     
  0.76654639880300590        10.895950017207671     
  0.89338633114266885        11.040778076035810     
   1.0199689922360897        11.184332375545841     
   1.1462962018994778        11.326616971355774     
   1.2723697628402773        11.467635875606312     
   1.3981914608230444        11.607393057447883     
   1.5237630648324134        11.745892443521237     
   1.6490863272331997        11.883137918431748     
   1.7741629839276816        12.019133325217529     
   1.8989947545101056        12.153882465811503     
   2.0235833424184566        12.287389101497535     
   2.1479304350835364        12.419656953360775     
   2.2720377040753887        12.550689702732287     
   2.3959068052471140        12.680490991628123     
   2.5195393788761100        12.809064423182935     
   2.6429370498027827        12.936413562078238     
   2.7661014275667557        13.062541934965441     
   2.8890341065406289        13.187453030883756     
   3.0117366660613092        13.311150301673081     
   3.1342106705589612        13.433637162381984     
   3.2564576696836056        13.554916991670872     
   3.3784791984294045        13.674993132210455     
   3.5002767772566665        13.793868891075608     
   3.6218519122116053        13.911547540134732     
   3.7432060950438868        14.028032316434704     
   3.8643408033219950        14.143326422581518     
   3.9852575005464530        14.257433027116713     
   4.1059576362609267        14.370355264889678     
   4.2264426461612459        14.482096237425933     
   4.3467139522023741        14.592659013291462     
   4.4667729627033532        14.702046628453202     
   4.5866210724502636        14.810262086635783     
   4.7062596627972146        14.917308359674575     
   4.8256901017654101        15.023188387865158     
   4.9449137441403117        15.127905080309290     
   5.0639319315669242        15.231461315257452     
   5.1827459926432411        15.333859940448052     
   5.3013572430118758        15.435103773443384     
   5.4197669854498995        15.535195601962391     
   5.5379765099569260        15.634138184210352     
   5.6559870938414631        15.731934249205526     
   5.7738000018055571        15.828586497102869     
   5.8914164860277678        15.924097599514873     
   6.0088377862444862        16.018470199829611     
   6.1260651298296374        16.111706913526071     
   6.2430997318727837        16.203810328486817     
   6.3599427952556642        16.294783005308098     
   6.4765955107271882        16.384627477607442     
   6.5930590569769176        16.473346252328795     
   6.7093346007070611        16.560941810045318     
   6.8254232967030033        16.647416605259853     
   6.9413262879024051        16.732773066703171     
   7.0570447054628902        16.817013597630041     
   7.1725796688283525        16.900140576113195     
   7.2879322857939073        16.982156355335238     
   7.4031036525695146        17.063063263878593     
   7.5180948538422960        17.142863606013510     
   7.6329069628375823        17.221559661984223     
   7.7475410413787031        17.299153688293298     
   7.8619981399455643        17.375647917984246     
   7.9762792977320167        17.451044560922444     
   8.0903855427020694        17.525345804074433     
   8.2043178916449460        17.598553811785635     
   8.3180773502290410        17.670670726056549     
   8.4316649130547727        17.741698666817484     
   8.5450815637063879        17.811639732201876     
   8.6583282748027237        17.880495998818240     
   8.7714060080469665        17.948269522020812     
   8.8843157142754361        18.014962336178918     
   8.9970583335054126        18.080576454945135     
   9.1096347949820426        18.145113871522270     
   9.2220460172243524        18.208576558929234     
   9.3342929080703954        18.270966470265812     
   9.4463763647215533        18.332285538976411     
   9.5582972737860441        18.392535679112815     
   9.6700565113216292        18.451718785595968     
   9.7816549428775872        18.509836734476874     
   9.8930934235359533        18.566891383196584     
   10.004372797952069        18.622884570845383     
   10.115493900394471        18.677818118421143     
   10.226457554784142        18.731693829086929     
   10.337264574733160        18.784513488427866     
   10.447915763582770        18.836278864707300     
   10.558411914440919        18.886991709122288     
   10.668753810219268        18.936653756058462     
   10.778942223669729        18.985266723344253     
   10.888977917420542        19.032832312504553     
   10.998861644011939        19.079352209013805     
   11.108594145931409        19.124828082548557     
   11.218176155648608        19.169261587239497     
   11.327608395649939        19.212654361922990     
   11.436891578472832        19.255008030392165     
   11.546026406739761        19.296324201647511     
   11.655013573192029        19.336604470147048     
   11.763853760723334        19.375850416056078     
   11.872547642413185        19.414063605496509     
   11.981095881560158        19.451245590795779     
   12.089499131715050        19.487397910735407     
   12.197758036713957        19.522522090799129     
   12.305873230711295        19.556619643420685     
   12.413845338212823        19.589692068231212     
   12.521674974108652        19.621740852306289     
   12.629362743706332        19.652767470412595     
   12.736909242763989        19.682773385254215     
   12.844315057523584        19.711760047718563     
   12.951580764744303        19.739728897121953     
   13.058706931736118        19.766681361454765     
   13.165694116393537        19.792618857626259     
   13.272542867229591        19.817542791708970     
   13.379253723410065        19.841454559182711     
   13.485827214788024        19.864355545178164     
   13.592263861938642        19.886247124720036     
   13.698564176194377        19.907130662969784     
   13.804728659680514        19.927007515467874     
   13.910757805351093        19.945879028375558     
   14.016652097025274        19.963746538716155     
   14.122412009424133        19.980611374615826     
   14.228038008207946        19.996474855543791     
   14.333530550013949        20.011338292551997     
   14.438890082494639        20.025202988514170     
   14.544117044356611        20.038070238364270     
   14.649211865399948        20.049941329334288     
   14.754174966558230        20.060817541191373     
   14.859006759939115        20.070700146474234     
   14.963707648865581        20.079590410728812     
   15.068278027917797        20.087489592743172     
   15.172718282975669        20.094398944781581     
   15.277028791262069        20.100319712817750     
   15.381209921386763        20.105253136767171     
   15.485262033391061        20.109200450718543     
   15.589185478793194        20.112162883164231     
   15.692980600634439        20.114141657229723     
   15.796647733525999        20.115137990902046     
   15.900187203696659        20.115153097257078     
   16.003599329041215        20.114188184685752     
   16.106884419169699        20.112244457119075     
   16.210042775457403        20.109323114251929     
   16.313074691095697        20.105425351765611     
   16.415980451143678        20.100552361549074     
   16.518760332580626        20.094705331918806     
   16.621414604359284        20.087885447837312     
   16.723943527459959        20.080093891130158     
   16.826347354945458        20.071331840701518     
   16.928626332016847        20.061600472748189     
   17.030780696070028        20.050900960972022     
   17.132810676753166        20.039234476790725     
   17.234716496024920        20.026602189546981     
   17.336498368213491        20.013005266715869     
   17.438156500076506        19.998444874110490     
   17.539691090861687        19.982922176085797     
   17.641102332368344        19.966438335740563     
   17.742390409009651        19.948994515117455     
   17.843555497875709        19.930591875401149     
   17.944597768797390        19.911231577114467     
   18.045517384410939        19.890914780312475     
   18.146314500223340        19.869642644774519     
   18.246989264678419        19.847416330194129     
   18.347541819223665        19.824236996366782     
   18.447972298377785        19.800105803375470     
   18.548280829798934        19.775023911774017     
   18.648467534353642        19.748992482768163     
   18.748532526186402        19.722012678394290     
   18.848475912789901        19.694085661695855     
   18.948297795075892        19.665212596897415     
   19.047998267446658        19.635394649576259     
   19.147577417867083        19.604632986831586     
   19.247035327937287        19.572928777451221     
   19.346372072965799        19.540283192075833     
   19.445587722043285        19.506697403360615     
   19.544682338116758        19.472172586134413     
   19.643655978064274        19.436709917556279     
   19.742508692770109        19.400310577269412     
   19.841240527200345        19.362975747552486     
   19.939851520478900        19.324706613468308     
   20.038341705963926        19.285504363009839     
   20.136711111324587        19.245370187243502     
   20.234959758618174        19.204305280449820     
   20.333087664367547        19.162310840261306     
   20.431094839638849        19.119388067797644     
   20.528981290119525        19.075538167798118     
   20.626747016196550        19.030762348751303     
   20.724392013034898        18.985061823021972     
   20.821916270656196        18.938437806975262     
   20.919319774017559        18.890891521098030     
   21.016602503090557        18.842424190117466     
   21.113764432940307        18.793037043116890     
   21.210805533804677        18.742731313648783     
   21.307725771173534        18.691508239845025     
   21.404525105868057        18.639369064524345     
   21.501203494120077        18.586315035296995     
   21.597760887651408        18.532347404666620     
   21.694197233753155        18.477467430129387     
   21.790512475364981        18.421676374270316     
   21.886706551154298        18.364975504856865     
   21.982779395595369        18.307366094929744     
   22.078730939048295        18.248849422890991     
   22.174561107837864        18.189426772589325     
   22.270269824332242        18.129099433402754     
   22.365857007021489        18.067868700318478     
   22.461322570595872        18.005735874010114     
   22.556666426023945        17.942702260912217     
   22.651888480630415        17.878769173292142     
   22.746988638173725        17.813937929319252     
   22.841966798923369        17.748209853131513     
   22.936822859736907        17.681586274899448     
   23.031556714136656        17.614068530887518     
   23.126168252386069        17.545657963512920     
   23.220657361565745        17.476355921401826     
   23.315023925649072        17.406163759443107     
   23.409267825577498        17.335082838839536     
   23.503388939335398        17.263114527156507     
   23.597387142024527        17.190260198368286     
   23.691262305938036        17.116521232901835     
   23.785014300634064        17.041899017678215     
   23.878642993008857        16.966394946151599     
   23.972148247369422        16.890010418345923     
   24.065529925505700        16.812746840889215     
   24.158787886762251        16.734605627045578     
   24.251921988109419        16.655588196744937     
   24.344932084213987        16.575695976610486     
   24.437818027509312        16.494930399983943     
   24.530579668264906        16.413292906948584     
   24.623216854655475        16.330784944350111     
   24.715729432829413        16.247407965815380     
   24.808117246976714        16.163163431769011     
   24.900380139396315        16.078052809447911     
   24.992517950562853        15.992077572913756     
   25.084530519192846        15.905239203063427     
   25.176417682310262        15.817539187637459     
   25.268179275311493        15.728979021226523     
   25.359815132029706        15.639560205275968     
   25.451325084798604        15.549284248088457     
   25.542708964515544        15.458152664824720     
   25.633966600704039        15.366166977502470     
   25.725097821575620        15.273328714993484     
   25.816102454091080        15.179639413018911     
   25.906980324021070        15.085100614142810     
   25.997731256006045        14.989713867763967     
   26.088355073615581        14.893480730106008     
   26.178851599407029        14.796402764205840     
   26.269220654983535        14.698481539900460     
   26.359462061051389        14.599718633812138     
   26.449575637476734        14.500115629332043     
   26.539561203341613        14.399674116602290     
   26.629418576999356        14.298395692496475     
   26.719147576129313        14.196281960598727     
   26.808748017790929        14.093334531181267     
   26.898219718477158        13.989555021180557     
   26.987562494167207        13.884945054172027     
   27.076776160378643        13.779506260343419     
   27.165860532218819        13.673240276466784     
   27.254815424435648        13.566148745869150     
   27.343640651467730        13.458233318401899     
   27.432336027493804        13.349495650408866     
   27.520901366481553        13.239937404693201     
   27.609336482235754        13.129560250483012     
   27.697641188445779        13.018365863395815     
   27.785815298732434        12.906355925401828     
   27.873858626694158        12.793532124786129     
   27.961770985952572        12.679896156109693     
   28.049552190197382        12.565449720169354     
   28.137202053230631        12.450194523956702     
   28.224720389010340        12.334132280615947     
   28.312107011693467        12.217264709400769     
   28.399361735678266        12.099593535630197     
   28.486484375646011        11.981120490643505     
   28.573474746602066        11.861847311754193     
   28.660332663916364        11.741775742203037     
   28.747057943363238        11.620907531110266     
   28.833650401160643        11.499244433426862     
   28.920109854008764        11.376788209885021     
   29.006436119128004        11.253540626947792     
   29.092629014296385        11.129503456757924     
   29.178688357886308        11.004678477085927     
   29.264613968900754        10.879067471277391     
   29.350405667008861        10.752672228199568     
   29.436063272580910        10.625494542187241     
   29.521586606722739        10.497536212987907     
   29.606975491309559        10.368799045706290     
   29.692229749019191        10.239284850748211     
   29.777349203364729        10.108995443763824     
   29.862333678726639        9.9779326455902435     
   29.947183000384275        9.8460982821935943     
   30.031896994546841        9.7134941846104805     
   30.116475488383795        9.5801221888889181     
   30.200918310054703        9.4459841360287253     
   30.285225288738530        9.3110818719214112     
   30.369396254662398        9.1754172472895696     
   30.453431039129796        9.0389921176257921     
   30.537329474548262        8.9018083431311332     
   30.621091394456521        8.7638677886531351     
   30.704716633551108        8.6251723236234223     
   30.788205027712468        8.4857238219949078     
   30.871556414030529        8.3455241621785969     
   30.954770630829767        8.2045752269800278     
   31.037847517693770        8.0628789035353599     
   31.120786915489283        7.9204370832471227     
   31.203588666389770        7.7772516617196379     
   31.286252613898469        7.6333245386941444     
   31.368778602870965        7.4886576179836268     
   31.451166479537271        7.3432528074073700     
   31.533416091523446        7.1971120187252549     
   31.615527287872705        7.0502371675718081     
   31.697499919066097        6.9026301733900217     
   31.779333837042682        6.7542929593649550     
   31.861028895219267        6.6052274523571350     
   31.942584948509687        6.4554355828357721     
   32.024001853343606        6.3049192848117945     
   32.105279467684916        6.1536804957707281     
   32.186417651049645        6.0017211566054254     
   32.267416264523462        5.8490432115486604     
   32.348275170778720        5.6956486081056017     
   32.428994234091107        5.5415392969861790     
   32.509573320355827        5.3867172320373475     
   32.590012297103385        5.2311843701752760     
   32.670311033514977        5.0749426713174532     
   32.750469400437417        4.9179940983147423     
   32.830487270397704        4.7603406168833819     
   32.910364517617161        4.6019841955369509     
   32.990101018025186        4.4429268055183071     
   33.069696649272601        4.2831704207315111     
   33.149151290744634        4.1227170176737475     
   33.228464823573482        3.9615685753672500     
   33.307637130650527        3.7997270752912460     
   33.386668096638154        3.6371945013139282     
   33.465557607981204        3.4739728396244627     
   33.544305552918061        3.3100640786650470     
   33.622911821491385        3.1454702090630238     
   33.701376305558469        2.9801932235630622     
   33.779698898801236        2.8142351169594164     
   33.857879496735926        2.6475978860282692     
   33.935917996722388        2.4802835294601704     
   34.013814297973056        2.3122940477925806     
   34.091568301561594        2.1436314433425272     
   34.169179910431168        1.9742977201393805     
   34.246649029402455        1.8042948838577610     
   34.323975565181250        1.6336249417505846     
   34.401159426365808        1.4622899025822540     
   34.478200523453850        1.2902917765620041     
   34.555098768849234        1.1176325752774103     
   34.631854076868372       0.94431431162806589     
   34.708466363746261       0.77033899975943698     
   34.784935547642291       0.59570865499690262     
   34.861261548645700       0.42042529377998628     
   34.937444288780767       0.24449093359678678     
   35.013483692011697        6.7907592918615145E-002
   35.089379684247220      -0.10932270886515577     
