   0.0000000000000000        10.000000000000000     
   9.9999997764825821E-003   10.152558280492832     
   1.9999999552965164E-002   10.303817526818076     
   2.9999999329447746E-002   10.453782066062368     
   3.9999999105930328E-002   10.602456178770225     
   4.9999998882412910E-002   10.749844099472513     
   5.9999998658895493E-002   10.895950017207671     
   6.9999998435378075E-002   11.040778076035810     
   7.9999998211860657E-002   11.184332375545841     
   8.9999997988343239E-002   11.326616971355774     
   9.9999997764825821E-002   11.467635875606312     
  0.10999999754130840        11.607393057447883     
  0.11999999731779099        11.745892443521237     
  0.12999999709427357        11.883137918431748     
  0.13999999687075615        12.019133325217529     
  0.14999999664723873        12.153882465811503     
  0.15999999642372131        12.287389101497535     
  0.16999999620020390        12.419656953360775     
  0.17999999597668648        12.550689702732287     
  0.18999999575316906        12.680490991628123     
  0.19999999552965164        12.809064423182935     
  0.20999999530613422        12.936413562078238     
  0.21999999508261681        13.062541934965441     
  0.22999999485909939        13.187453030883756     
  0.23999999463558197        13.311150301673081     
  0.24999999441206455        13.433637162381984     
  0.25999999418854713        13.554916991670872     
  0.26999999396502972        13.674993132210455     
  0.27999999374151230        13.793868891075608     
  0.28999999351799488        13.911547540134732     
  0.29999999329447746        14.028032316434704     
  0.30999999307096004        14.143326422581518     
  0.31999999284744263        14.257433027116713     
  0.32999999262392521        14.370355264889678     
  0.33999999240040779        14.482096237425933     
  0.34999999217689037        14.592659013291462     
  0.35999999195337296        14.702046628453202     
  0.36999999172985554        14.810262086635783     
  0.37999999150633812        14.917308359674575     
  0.38999999128282070        15.023188387865158     
  0.39999999105930328        15.127905080309290     
  0.40999999083578587        15.231461315257452     
  0.41999999061226845        15.333859940448052     
  0.42999999038875103        15.435103773443384     
  0.43999999016523361        15.535195601962391     
  0.44999998994171619        15.634138184210352     
  0.45999998971819878        15.731934249205526     
  0.46999998949468136        15.828586497102869     
  0.47999998927116394        15.924097599514873     
  0.48999998904764652        16.018470199829611     
  0.49999998882412910        16.111706913526071     
  0.50999998860061169        16.203810328486817     
  0.51999998837709427        16.294783005308098     
  0.52999998815357685        16.384627477607442     
  0.53999998793005943        16.473346252328795     
  0.54999998770654202        16.560941810045318     
  0.55999998748302460        16.647416605259853     
  0.56999998725950718        16.732773066703171     
  0.57999998703598976        16.817013597630041     
  0.58999998681247234        16.900140576113195     
  0.59999998658895493        16.982156355335238     
  0.60999998636543751        17.063063263878593     
  0.61999998614192009        17.142863606013510     
  0.62999998591840267        17.221559661984223     
  0.63999998569488525        17.299153688293298     
  0.64999998547136784        17.375647917984246     
  0.65999998524785042        17.451044560922444     
  0.66999998502433300        17.525345804074433     
  0.67999998480081558        17.598553811785635     
  0.68999998457729816        17.670670726056549     
  0.69999998435378075        17.741698666817484     
  0.70999998413026333        17.811639732201876     
  0.71999998390674591        17.880495998818240     
  0.72999998368322849        17.948269522020812     
  0.73999998345971107        18.014962336178918     
  0.74999998323619366        18.080576454945135     
  0.75999998301267624        18.145113871522270     
  0.76999998278915882        18.208576558929234     
  0.77999998256564140        18.270966470265812     
  0.78999998234212399        18.332285538976411     
  0.79999998211860657        18.392535679112815     
  0.80999998189508915        18.451718785595968     
  0.81999998167157173        18.509836734476874     
  0.82999998144805431        18.566891383196584     
  0.83999998122453690        18.622884570845383     
  0.84999998100101948        18.677818118421143     
  0.85999998077750206        18.731693829086929     
  0.86999998055398464        18.784513488427866     
  0.87999998033046722        18.836278864707300     
  0.88999998010694981        18.886991709122288     
  0.89999997988343239        18.936653756058462     
  0.90999997965991497        18.985266723344253     
  0.91999997943639755        19.032832312504553     
  0.92999997921288013        19.079352209013805     
  0.93999997898936272        19.124828082548557     
  0.94999997876584530        19.169261587239497     
  0.95999997854232788        19.212654361922990     
  0.96999997831881046        19.255008030392165     
  0.97999997809529305        19.296324201647511     
  0.98999997787177563        19.336604470147048     
  0.99999997764825821        19.375850416056078     
   1.0099999774247408        19.414063605496509     
   1.0199999772012234        19.451245590795779     
   1.0299999769777060        19.487397910735407     
   1.0399999767541885        19.522522090799129     
   1.0499999765306711        19.556619643420685     
   1.0599999763071537        19.589692068231212     
   1.0699999760836363        19.621740852306289     
   1.0799999758601189        19.652767470412595     
   1.0899999756366014        19.682773385254215     
   1.0999999754130840        19.711760047718563     
   1.1099999751895666        19.739728897121953     
   1.1199999749660492        19.766681361454765     
   1.1299999747425318        19.792618857626259     
   1.1399999745190144        19.817542791708970     
   1.1499999742954969        19.841454559182711     
   1.1599999740719795        19.864355545178164     
   1.1699999738484621        19.886247124720036     
   1.1799999736249447        19.907130662969784     
   1.1899999734014273        19.927007515467874     
   1.1999999731779099        19.945879028375558     
   1.2099999729543924        19.963746538716155     
   1.2199999727308750        19.980611374615826     
   1.2299999725073576        19.996474855543791     
   1.2399999722838402        20.011338292551997     
   1.2499999720603228        20.025202988514170     
   1.2599999718368053        20.038070238364270     
   1.2699999716132879        20.049941329334288     
   1.2799999713897705        20.060817541191373     
   1.2899999711662531        20.070700146474234     
   1.2999999709427357        20.079590410728812     
   1.3099999707192183        20.087489592743172     
   1.3199999704957008        20.094398944781581     
   1.3299999702721834        20.100319712817750     
   1.3399999700486660        20.105253136767171     
   1.3499999698251486        20.109200450718543     
   1.3599999696016312        20.112162883164231     
   1.3699999693781137        20.114141657229723     
   1.3799999691545963        20.115137990902046     
   1.3899999689310789        20.115153097257078     
   1.3999999687075615        20.114188184685752     
   1.4099999684840441        20.112244457119075     
   1.4199999682605267        20.109323114251929     
   1.4299999680370092        20.105425351765611     
   1.4399999678134918        20.100552361549074     
   1.4499999675899744        20.094705331918806     
   1.4599999673664570        20.087885447837312     
   1.4699999671429396        20.080093891130158     
   1.4799999669194221        20.071331840701518     
   1.4899999666959047        20.061600472748189     
   1.4999999664723873        20.050900960972022     
   1.5099999662488699        20.039234476790725     
   1.5199999660253525        20.026602189546981     
   1.5299999658018351        20.013005266715869     
   1.5399999655783176        19.998444874110490     
   1.5499999653548002        19.982922176085797     
   1.5599999651312828        19.966438335740563     
   1.5699999649077654        19.948994515117455     
   1.5799999646842480        19.930591875401149     
   1.5899999644607306        19.911231577114467     
   1.5999999642372131        19.890914780312475     
   1.6099999640136957        19.869642644774519     
   1.6199999637901783        19.847416330194129     
   1.6299999635666609        19.824236996366782     
   1.6399999633431435        19.800105803375470     
   1.6499999631196260        19.775023911774017     
   1.6599999628961086        19.748992482768163     
   1.6699999626725912        19.722012678394290     
   1.6799999624490738        19.694085661695855     
   1.6899999622255564        19.665212596897415     
   1.6999999620020390        19.635394649576259     
   1.7099999617785215        19.604632986831586     
   1.7199999615550041        19.572928777451221     
   1.7299999613314867        19.540283192075833     
   1.7399999611079693        19.506697403360615     
   1.7499999608844519        19.472172586134413     
   1.7599999606609344        19.436709917556279     
   1.7699999604374170        19.400310577269412     
   1.7799999602138996        19.362975747552486     
   1.7899999599903822        19.324706613468308     
   1.7999999597668648        19.285504363009839     
   1.8099999595433474        19.245370187243502     
   1.8199999593198299        19.204305280449820     
   1.8299999590963125        19.162310840261306     
   1.8399999588727951        19.119388067797644     
   1.8499999586492777        19.075538167798118     
   1.8599999584257603        19.030762348751303     
   1.8699999582022429        18.985061823021972     
   1.8799999579787254        18.938437806975262     
   1.8899999577552080        18.890891521098030     
   1.8999999575316906        18.842424190117466     
   1.9099999573081732        18.793037043116890     
   1.9199999570846558        18.742731313648783     
   1.9299999568611383        18.691508239845025     
   1.9399999566376209        18.639369064524345     
   1.9499999564141035        18.586315035296995     
   1.9599999561905861        18.532347404666620     
   1.9699999559670687        18.477467430129387     
   1.9799999557435513        18.421676374270316     
   1.9899999555200338        18.364975504856865     
   1.9999999552965164        18.307366094929744     
   2.0099999550729990        18.248849422890991     
   2.0199999548494816        18.189426772589325     
   2.0299999546259642        18.129099433402754     
   2.0399999544024467        18.067868700318478     
   2.0499999541789293        18.005735874010114     
   2.0599999539554119        17.942702260912217     
   2.0699999537318945        17.878769173292142     
   2.0799999535083771        17.813937929319252     
   2.0899999532848597        17.748209853131513     
   2.0999999530613422        17.681586274899448     
   2.1099999528378248        17.614068530887518     
   2.1199999526143074        17.545657963512920     
   2.1299999523907900        17.476355921401826     
   2.1399999521672726        17.406163759443107     
   2.1499999519437551        17.335082838839536     
   2.1599999517202377        17.263114527156507     
   2.1699999514967203        17.190260198368286     
   2.1799999512732029        17.116521232901835     
   2.1899999510496855        17.041899017678215     
   2.1999999508261681        16.966394946151599     
   2.2099999506026506        16.890010418345923     
   2.2199999503791332        16.812746840889215     
   2.2299999501556158        16.734605627045578     
   2.2399999499320984        16.655588196744937     
   2.2499999497085810        16.575695976610486     
   2.2599999494850636        16.494930399983943     
   2.2699999492615461        16.413292906948584     
   2.2799999490380287        16.330784944350111     
   2.2899999488145113        16.247407965815380     
   2.2999999485909939        16.163163431769011     
   2.3099999483674765        16.078052809447911     
   2.3199999481439590        15.992077572913756     
   2.3299999479204416        15.905239203063427     
   2.3399999476969242        15.817539187637459     
   2.3499999474734068        15.728979021226523     
   2.3599999472498894        15.639560205275968     
   2.3699999470263720        15.549284248088457     
   2.3799999468028545        15.458152664824720     
   2.3899999465793371        15.366166977502470     
   2.3999999463558197        15.273328714993484     
   2.4099999461323023        15.179639413018911     
   2.4199999459087849        15.085100614142810     
   2.4299999456852674        14.989713867763967     
   2.4399999454617500        14.893480730106008     
   2.4499999452382326        14.796402764205840     
   2.4599999450147152        14.698481539900460     
   2.4699999447911978        14.599718633812138     
   2.4799999445676804        14.500115629332043     
   2.4899999443441629        14.399674116602290     
   2.4999999441206455        14.298395692496475     
   2.5099999438971281        14.196281960598727     
   2.5199999436736107        14.093334531181267     
   2.5299999434500933        13.989555021180557     
   2.5399999432265759        13.884945054172027     
   2.5499999430030584        13.779506260343419     
   2.5599999427795410        13.673240276466784     
   2.5699999425560236        13.566148745869150     
   2.5799999423325062        13.458233318401899     
   2.5899999421089888        13.349495650408866     
   2.5999999418854713        13.239937404693201     
   2.6099999416619539        13.129560250483012     
   2.6199999414384365        13.018365863395815     
   2.6299999412149191        12.906355925401828     
   2.6399999409914017        12.793532124786129     
   2.6499999407678843        12.679896156109693     
   2.6599999405443668        12.565449720169354     
   2.6699999403208494        12.450194523956702     
   2.6799999400973320        12.334132280615947     
   2.6899999398738146        12.217264709400769     
   2.6999999396502972        12.099593535630197     
   2.7099999394267797        11.981120490643505     
   2.7199999392032623        11.861847311754193     
   2.7299999389797449        11.741775742203037     
   2.7399999387562275        11.620907531110266     
   2.7499999385327101        11.499244433426862     
   2.7599999383091927        11.376788209885021     
   2.7699999380856752        11.253540626947792     
   2.7799999378621578        11.129503456757924     
   2.7899999376386404        11.004678477085927     
   2.7999999374151230        10.879067471277391     
   2.8099999371916056        10.752672228199568     
   2.8199999369680882        10.625494542187241     
   2.8299999367445707        10.497536212987907     
   2.8399999365210533        10.368799045706290     
   2.8499999362975359        10.239284850748211     
   2.8599999360740185        10.108995443763824     
   2.8699999358505011        9.9779326455902435     
   2.8799999356269836        9.8460982821935943     
   2.8899999354034662        9.7134941846104805     
   2.8999999351799488        9.5801221888889181     
   2.9099999349564314        9.4459841360287253     
   2.9199999347329140        9.3110818719214112     
   2.9299999345093966        9.1754172472895696     
   2.9399999342858791        9.0389921176257921     
   2.9499999340623617        8.9018083431311332     
   2.9599999338388443        8.7638677886531351     
   2.9699999336153269        8.6251723236234223     
   2.9799999333918095        8.4857238219949078     
   2.9899999331682920        8.3455241621785969     
   2.9999999329447746        8.2045752269800278     
   3.0099999327212572        8.0628789035353599     
   3.0199999324977398        7.9204370832471227     
   3.0299999322742224        7.7772516617196379     
   3.0399999320507050        7.6333245386941444     
   3.0499999318271875        7.4886576179836268     
   3.0599999316036701        7.3432528074073700     
   3.0699999313801527        7.1971120187252549     
   3.0799999311566353        7.0502371675718081     
   3.0899999309331179        6.9026301733900217     
   3.0999999307096004        6.7542929593649550     
   3.1099999304860830        6.6052274523571350     
   3.1199999302625656        6.4554355828357721     
   3.1299999300390482        6.3049192848117945     
   3.1399999298155308        6.1536804957707281     
   3.1499999295920134        6.0017211566054254     
   3.1599999293684959        5.8490432115486604     
   3.1699999291449785        5.6956486081056017     
   3.1799999289214611        5.5415392969861790     
   3.1899999286979437        5.3867172320373475     
   3.1999999284744263        5.2311843701752760     
   3.2099999282509089        5.0749426713174532     
   3.2199999280273914        4.9179940983147423     
   3.2299999278038740        4.7603406168833819     
   3.2399999275803566        4.6019841955369509     
   3.2499999273568392        4.4429268055183071     
   3.2599999271333218        4.2831704207315111     
   3.2699999269098043        4.1227170176737475     
   3.2799999266862869        3.9615685753672500     
   3.2899999264627695        3.7997270752912460     
   3.2999999262392521        3.6371945013139282     
   3.3099999260157347        3.4739728396244627     
   3.3199999257922173        3.3100640786650470     
   3.3299999255686998        3.1454702090630238     
   3.3399999253451824        2.9801932235630622     
   3.3499999251216650        2.8142351169594164     
   3.3599999248981476        2.6475978860282692     
   3.3699999246746302        2.4802835294601704     
   3.3799999244511127        2.3122940477925806     
   3.3899999242275953        2.1436314433425272     
   3.3999999240040779        1.9742977201393805     
   3.4099999237805605        1.8042948838577610     
   3.4199999235570431        1.6336249417505846     
   3.4299999233335257        1.4622899025822540     
   3.4399999231100082        1.2902917765620041     
   3.4499999228864908        1.1176325752774103     
   3.4599999226629734       0.94431431162806589     
   3.4699999224394560       0.77033899975943698     
   3.4799999222159386       0.59570865499690262     
   3.4899999219924212       0.42042529377998628     
   3.4999999217689037       0.24449093359678678     
   3.5099999215453863        6.7907592918615145E-002
   3.5199999213218689      -0.10932270886515577     
